function dx = rotation_matrix_thrust_force_model(in1,in2)
%ROTATION_MATRIX_THRUST_FORCE_MODEL
%    DX = ROTATION_MATRIX_THRUST_FORCE_MODEL(IN1,IN2)

%    This function was generated by the Symbolic Math Toolbox version 8.4.
%    18-Oct-2019 09:52:30

dp1 = in1(13,:);
dp2 = in1(14,:);
dp3 = in1(15,:);
o1 = in1(16,:);
o2 = in1(17,:);
o3 = in1(18,:);
r11 = in1(1,:);
r12 = in1(2,:);
r13 = in1(3,:);
r21 = in1(4,:);
r22 = in1(5,:);
r23 = in1(6,:);
r31 = in1(7,:);
r32 = in1(8,:);
r33 = in1(9,:);
u1 = in2(1,:);
u2 = in2(2,:);
u3 = in2(3,:);
u4 = in2(4,:);
t2 = sqrt(2.0);
dx = [-o2.*r13+o3.*r12;o1.*r13-o3.*r11;-o1.*r12+o2.*r11;-o2.*r23+o3.*r22;o1.*r23-o3.*r21;-o1.*r22+o2.*r21;-o2.*r33+o3.*r32;o1.*r33-o3.*r31;-o1.*r32+o2.*r31;dp1;dp2;dp3;r13.*u1.*5.0+r13.*u2.*5.0+r13.*u3.*5.0+r13.*u4.*5.0;r23.*u1.*5.0+r23.*u2.*5.0+r23.*u3.*5.0+r23.*u4.*5.0;r33.*u1.*5.0+r33.*u2.*5.0+r33.*u3.*5.0+r33.*u4.*5.0-9.81e+2./1.0e+2;o2.*o3.*(-8.127145186202161e-1)+t2.*u1.*2.234568960585779e+1+t2.*u2.*2.234568960585779e+1-t2.*u3.*2.234568960585779e+1-t2.*u4.*2.234568960585779e+1;o1.*o3.*8.596211488806914e-1-t2.*u1.*1.674909454394895e+1+t2.*u2.*1.674909454394895e+1+t2.*u3.*1.674909454394895e+1-t2.*u4.*1.674909454394895e+1;u1.*(-6.267378927027376)+u2.*6.267378927027376-u3.*6.267378927027376+u4.*6.267378927027376-o1.*o2.*1.556428949110485e-1];
