function alpha22 = alpha22_SuspendedLoad(in1,in2,in3,in4)
%alpha22_SuspendedLoad
%    ALPHA22 = alpha22_SuspendedLoad(IN1,IN2,IN3,IN4)

%    This function was generated by the Symbolic Math Toolbox version 24.1.
%    2024/06/28 15:32:04

V1 = in3(:,1);
cableL = in4(:,16);
d2V1 = in3(:,3);
d3V1 = in3(:,4);
d4V1 = in3(:,5);
d2Xd3 = in2(:,11);
d3Xd3 = in2(:,15);
d4Xd3 = in2(:,19);
d5Xd3 = in2(:,23);
d6Xd2 = in2(:,26);
d6Xd3 = in2(:,27);
dV1 = in3(:,2);
gravity = in4(:,6);
jx = in4(:,3);
jy = in4(:,4);
jz = in4(:,5);
m = in4(:,1);
mL = in4(:,15);
o1 = in1(5,:);
o2 = in1(6,:);
o3 = in1(7,:);
ol1 = in1(17,:);
ol2 = in1(18,:);
ol3 = in1(19,:);
pT1 = in1(14,:);
pT2 = in1(15,:);
pT3 = in1(16,:);
q0 = in1(1,:);
q1 = in1(2,:);
q2 = in1(3,:);
q3 = in1(4,:);
t2 = d2V1+d4Xd3;
t3 = d3V1+d5Xd3;
t4 = d3Xd3+dV1;
t5 = m+mL;
t6 = ol1.*pT2;
t7 = ol2.*pT1;
t8 = ol1.*pT3;
t9 = ol3.*pT1;
t10 = ol2.*pT3;
t11 = ol3.*pT2;
t12 = ol1.^2;
t13 = ol2.^2;
t14 = ol3.^2;
t15 = pT1.^2;
t16 = pT2.^2;
t17 = pT3.^2;
t18 = q0.^2;
t19 = q1.^2;
t20 = q2.^2;
t21 = q3.^2;
t22 = ol1.*pT1.*2.0;
t26 = ol2.*pT2.*2.0;
t34 = ol3.*pT3.*2.0;
t37 = pT1.*q0.*2.0;
t38 = pT1.*q1.*2.0;
t39 = pT2.*q0.*2.0;
t40 = pT1.*q2.*2.0;
t41 = pT2.*q1.*2.0;
t42 = pT3.*q0.*2.0;
t43 = pT1.*q3.*2.0;
t44 = pT2.*q2.*2.0;
t45 = pT3.*q1.*2.0;
t46 = pT2.*q3.*2.0;
t47 = pT3.*q2.*2.0;
t48 = pT3.*q3.*2.0;
t49 = q0.*q1.*2.0;
t50 = q0.*q2.*2.0;
t51 = q1.*q3.*2.0;
t52 = q2.*q3.*2.0;
t53 = V1+d2Xd3+gravity;
t54 = 1.0./cableL;
t57 = 1.0./m;
t58 = 1.0./pT3;
t95 = (o1.*q0)./2.0;
t96 = (o1.*q1)./2.0;
t97 = (o2.*q0)./2.0;
t98 = (o1.*q2)./2.0;
t99 = (o2.*q1)./2.0;
t100 = (o3.*q0)./2.0;
t101 = (o1.*q3)./2.0;
t102 = (o2.*q2)./2.0;
t103 = (o3.*q1)./2.0;
t104 = (o2.*q3)./2.0;
t105 = (o3.*q2)./2.0;
t106 = (o3.*q3)./2.0;
t108 = pT2.*q0.*q1.*-2.0;
t23 = t6.*2.0;
t24 = t7.*2.0;
t25 = t8.*2.0;
t27 = t9.*2.0;
t28 = t6.*4.0;
t29 = t7.*4.0;
t30 = t10.*2.0;
t31 = t11.*2.0;
t32 = t8.*4.0;
t33 = t9.*4.0;
t35 = t10.*4.0;
t36 = t11.*4.0;
t59 = 1.0./t17;
t60 = t58.^3;
t62 = t58.^5;
t63 = t12.*2.0;
t64 = t13.*2.0;
t65 = t14.*2.0;
t66 = t15.*2.0;
t67 = t16.*2.0;
t68 = t17.*2.0;
t69 = -t7;
t71 = -t9;
t73 = -t11;
t78 = -t41;
t79 = -t42;
t80 = -t43;
t81 = -t45;
t82 = -t47;
t83 = -t52;
t84 = t4.^2;
t85 = pT3.*t18;
t86 = pT3.*t19;
t87 = pT3.*t20;
t88 = pT3.*t21;
t89 = q2.*t37;
t91 = q3.*t38;
t92 = q3.*t44;
t93 = -t19;
t94 = -t20;
t107 = 1.0./t5;
t109 = -t98;
t110 = -t103;
t111 = -t104;
t114 = t2.*t58;
t116 = t3.*t58;
t117 = t4.*t58;
t135 = t22+t26;
t137 = t22+t34;
t138 = t26+t34;
t139 = t37+t46;
t140 = t38+t44;
t141 = t39+t45;
t142 = t40+t42;
t143 = t38+t48;
t144 = t44+t48;
t145 = t50+t51;
t146 = ol1.*t53.*t58;
t147 = ol2.*t53.*t58;
t148 = ol3.*t53.*t58;
t150 = pT1.*t53.*t58;
t184 = pT2.*t53.*t58.*2.0;
t309 = t96+t102+t106;
t61 = t59.^2;
t72 = -t27;
t74 = -t29;
t76 = -t33;
t77 = -t36;
t112 = -t86;
t113 = -t87;
t115 = t2.*t59;
t118 = t4.*t59;
t119 = t117.*2.0;
t120 = t4.*t60.*2.0;
t121 = ol1.*t114;
t122 = ol3.*t114;
t123 = ol1.*t117;
t125 = ol3.*t117;
t127 = pT1.*t114;
t129 = pT2.*t3.*t59;
t130 = pT1.*t117;
t133 = t6+t69;
t134 = t8+t71;
t136 = t10+t73;
t149 = ol3.*t53.*t59;
t157 = -t114;
t159 = -t117;
t164 = pT2.*t2.*t60.*2.0;
t174 = t37+t82;
t175 = t39+t80;
t176 = t40+t78;
t177 = t41+t79;
t178 = t43+t81;
t179 = t46+t82;
t180 = t49+t83;
t181 = ol1.*t53.*t59.*2.0;
t182 = t148.*2.0;
t183 = ol3.*t53.*t60.*2.0;
t187 = t4.*t23.*t60;
t188 = t4.*t26.*t60;
t193 = t145.^2;
t194 = ol1.*ol2.*t53.*t59;
t195 = ol1.*pT1.*t53.*t59;
t196 = t6.*t53.*t59;
t197 = ol2.*pT2.*t53.*t59;
t198 = t9.*t53.*t59;
t199 = t11.*t53.*t59;
t200 = pT2.*t145;
t201 = pT3.*t145;
t202 = t63+t64;
t203 = t63+t65;
t204 = t64+t65;
t205 = t66+t67;
t206 = t66+t68;
t207 = t67+t68;
t220 = -t147;
t221 = t4.*t60.*t67;
t225 = t4.*t6.*t60.*-2.0;
t228 = pT1.*pT2.*t4.*t60.*-2.0;
t230 = t13.*t53.*t59;
t231 = t16.*t53.*t59;
t237 = t23.*t53.*t60;
t238 = t26.*t53.*t59;
t239 = t26.*t53.*t60;
t240 = t31.*t53.*t59;
t243 = pT1.*pT2.*t53.*t59.*3.0;
t259 = pT2.*t24.*t53.*t60;
t260 = cableL.*m.*ol3.*t25.*t107;
t262 = t48+t140;
t264 = t4.*t16.*t60.*-2.0;
t266 = t53.*t59.*t66;
t269 = t7.*t53.*t59.*-2.0;
t276 = cableL.*m.*ol3.*t10.*t107.*-2.0;
t277 = t78+t142;
t278 = t80+t141;
t279 = t82+t139;
t281 = t12.*t53.*t59.*-2.0;
t285 = ol2.*t53.*t60.*t67;
t286 = pT1.*t16.*t53.*t60.*4.0;
t308 = cableL.*m.*pT3.*t107.*t135;
t315 = t18+t21+t93+t94;
t333 = -cableL.*m.*pT3.*t107.*(t27-t32);
t335 = t99+t100+t109;
t336 = t97+t101+t110;
t337 = t95+t105+t111;
t373 = cableL.*m.*pT3.*t107.*(t31-t35);
t124 = ol2.*t118;
t126 = ol3.*t118;
t128 = pT2.*t115;
t131 = pT1.*t118;
t132 = pT2.*t118;
t151 = t6.*t115;
t153 = t6.*t118;
t158 = -t115;
t160 = -t119;
t161 = -t118;
t162 = -t120;
t163 = ol1.*t118.*2.0;
t167 = pT2.*t120;
t168 = t23+t74;
t170 = t25+t76;
t172 = t30+t77;
t185 = t16.*t115;
t186 = t16.*t118;
t190 = t133.^2;
t191 = t134.^2;
t192 = t136.^2;
t215 = -t130;
t229 = t180.^2;
t232 = ol1.*t149.*2.0;
t233 = ol2.*t149.*2.0;
t234 = t195.*3.0;
t236 = t196.*3.0;
t241 = t6.*t53.*t61.*6.0;
t242 = ol2.*pT2.*t53.*t61.*6.0;
t244 = ol1.*t133.*2.0;
t245 = ol2.*t133.*2.0;
t246 = ol1.*t134.*2.0;
t247 = ol3.*t134.*2.0;
t248 = ol2.*t136.*2.0;
t249 = ol3.*t136.*2.0;
t250 = pT1.*t133.*2.0;
t251 = pT2.*t133.*2.0;
t252 = pT1.*t134.*2.0;
t253 = pT3.*t134.*2.0;
t254 = pT2.*t136.*2.0;
t255 = pT3.*t136.*2.0;
t256 = pT1.*t180;
t257 = pT3.*t180;
t258 = pT1.*t237;
t267 = -t194;
t268 = -t195;
t282 = -t230;
t283 = -t231;
t284 = pT2.*t237;
t287 = t262.^2;
t288 = t53+t231;
t289 = t277.^2;
t290 = t278.^2;
t291 = t279.^2;
t292 = t115.*t133;
t293 = t115.*t134;
t294 = t118.*t133;
t295 = t118.*t134;
t296 = t117.*t136;
t297 = t120.*t133;
t299 = t53.*t59.*t133;
t300 = t53.*t59.*t134;
t301 = t53.*t58.*t136;
t302 = t53.*t59.*t136;
t314 = t4.*t60.*t133.*-2.0;
t317 = t53.*t60.*t133.*2.0;
t320 = t53.*t60.*t134.*2.0;
t321 = t53.*t61.*t133.*6.0;
t323 = t133.*t164;
t326 = pT2.*t4.*t61.*t133.*6.0;
t344 = pT2.*t2.*t60.*t133.*-2.0;
t346 = t134.*t181;
t349 = ol1.*t53.*t60.*t134.*4.0;
t355 = pT2.*t53.*t60.*t133.*4.0;
t356 = pT2.*t53.*t60.*t133.*6.0;
t357 = pT2.*t53.*t60.*t134.*4.0;
t360 = t133.*t221;
t361 = pT1.*t315;
t362 = pT2.*t315;
t366 = t315.^2;
t367 = cableL.*m.*pT3.*t107.*t202;
t368 = pT2.*t53.*t60.*t133.*-2.0;
t370 = pT2.*t53.*t60.*t136.*-2.0;
t371 = pT2.*t53.*t61.*t133.*-6.0;
t372 = t148+t197;
t378 = t53.*t60.*t67.*t133;
t380 = t149+t239;
t445 = t85+t88+t89+t91+t92+t108+t112+t113;
t152 = ol2.*t128;
t154 = pT2.*t124;
t155 = pT1.*t128;
t156 = pT2.*t131;
t165 = t132.*2.0;
t166 = t132.*3.0;
t209 = -t163;
t210 = -t124;
t212 = -t126;
t216 = -t131;
t222 = -t151;
t223 = -t153;
t263 = t16.*t161;
t271 = -t236;
t272 = -t249;
t273 = -t255;
t280 = t4+t186;
t304 = t124.*t136;
t305 = t131.*t133;
t307 = t132.*t136;
t310 = t133.*t158;
t311 = t134.*t158;
t312 = t133.*t161;
t313 = t134.*t161;
t316 = t299.*2.0;
t318 = t300.*2.0;
t319 = t300.*3.0;
t322 = t134.*t163;
t327 = ol2.*t300;
t328 = ol2.*t302;
t329 = pT1.*t299;
t330 = pT1.*t300;
t331 = pT2.*t302;
t339 = -t299;
t340 = -t300;
t341 = -t301;
t342 = -t302;
t343 = -t320;
t345 = pT2.*t314;
t347 = t53.*t60.*t245;
t348 = ol2.*t320;
t350 = t53.*t60.*t248;
t351 = t53.*t60.*t250;
t353 = t53.*t60.*t252;
t359 = pT2.*t321;
t363 = t126+t188;
t379 = t16.*t321;
t381 = t183+t242;
t384 = t200+t256;
t385 = ol2.*t372;
t386 = ol3.*t372;
t387 = pT2.*t372;
t388 = pT3.*t372;
t389 = t245+t247;
t390 = t246+t248;
t391 = t251+t253;
t392 = t252+t254;
t393 = ol1.*t380;
t394 = ol3.*t380;
t395 = pT1.*t380;
t396 = pT2.*t380;
t397 = pT3.*t380;
t402 = ol2.*t380.*2.0;
t409 = t133.*t380;
t410 = t136.*t380;
t411 = t190+t191+t192;
t412 = t257+t362;
t422 = t153+t157+t294;
t423 = t158+t187+t297;
t424 = t159+t196+t299;
t433 = t161+t237+t317;
t434 = t162+t241+t321;
t448 = 1.0./t445;
t485 = -t133.*(t163+t164-t326-t4.*t60.*t134.*2.0);
t218 = -t166;
t227 = -t156;
t325 = t134.*t165;
t338 = t125+t154;
t354 = pT2.*t318;
t365 = pT1.*t359;
t398 = t244+t272;
t399 = t250+t273;
t400 = -t385;
t401 = -t386;
t404 = -t394;
t406 = -t397;
t407 = t133.*t363;
t408 = t136.*t363;
t413 = t133.*t381;
