function alpha23 = alpha23_SuspendedLoad(in1,in2,in3,in4)
%alpha23_SuspendedLoad
%    ALPHA23 = alpha23_SuspendedLoad(IN1,IN2,IN3,IN4)

%    This function was generated by the Symbolic Math Toolbox version 24.1.
%    2024/06/28 15:32:18

d2Xd4 = in2(:,12);
jx = in4(:,3);
jy = in4(:,4);
jz = in4(:,5);
o1 = in1(5,:);
o2 = in1(6,:);
o3 = in1(7,:);
q0 = in1(1,:);
q1 = in1(2,:);
q2 = in1(3,:);
q3 = in1(4,:);
t2 = q0.^2;
t3 = q1.^2;
t4 = q2.^2;
t5 = q3.^2;
t6 = q0.*q3.*2.0;
t7 = q1.*q2.*2.0;
t10 = (o1.*q0)./2.0;
t11 = (o1.*q1)./2.0;
t12 = (o2.*q0)./2.0;
t13 = (o1.*q2)./2.0;
t14 = (o2.*q1)./2.0;
t15 = (o3.*q0)./2.0;
t16 = (o1.*q3)./2.0;
t17 = (o2.*q2)./2.0;
t18 = (o3.*q1)./2.0;
t19 = (o2.*q3)./2.0;
t20 = (o3.*q2)./2.0;
t21 = (o3.*q3)./2.0;
t8 = -t4;
t9 = -t5;
t22 = -t13;
t23 = -t18;
t24 = -t19;
t25 = t6+t7;
t33 = t11+t17+t21;
t26 = t25.^2;
t27 = q0.*t25.*4.0;
t28 = q1.*t25.*4.0;
t29 = q2.*t25.*4.0;
t30 = q3.*t25.*4.0;
t34 = t2+t3+t8+t9;
t35 = t14+t15+t22;
t36 = t12+t16+t23;
t37 = t10+t20+t24;
t38 = t34.^2;
t39 = q0.*t34.*4.0;
t40 = q1.*t34.*4.0;
t41 = q2.*t34.*4.0;
t42 = q3.*t34.*4.0;
t43 = 1.0./t34;
t44 = 1.0./t38;
t45 = t43.^3;
t46 = t43.*2.0;
t65 = t26+t38;
t70 = t30+t39;
t71 = t29+t40;
t47 = q0.*t46;
t48 = q1.*t46;
t49 = q2.*t46;
t50 = q3.*t46;
t51 = q0.*q1.*t44.*4.0;
t52 = q0.*q2.*t44.*4.0;
t53 = q1.*q3.*t44.*4.0;
t54 = q2.*q3.*t44.*4.0;
t56 = q0.*q3.*t44.*8.0;
t57 = q1.*q2.*t44.*8.0;
t58 = t2.*t44.*4.0;
t59 = t3.*t44.*4.0;
t60 = t4.*t44.*4.0;
t61 = t5.*t44.*4.0;
t64 = t25.*t44.*2.0;
t72 = q0.*t25.*t44.*-2.0;
t73 = q1.*t25.*t44.*-2.0;
t76 = 1.0./t65;
t78 = q0.*q1.*t25.*t45.*8.0;
t79 = q0.*q2.*t25.*t45.*8.0;
t80 = q0.*q3.*t25.*t45.*8.0;
t81 = q1.*q2.*t25.*t45.*8.0;
t82 = q1.*q3.*t25.*t45.*8.0;
t83 = q2.*q3.*t25.*t45.*8.0;
t55 = -t54;
t62 = -t58;
t63 = -t59;
t68 = q2.*t64;
t69 = q3.*t64;
t77 = t76.^2;
t84 = -t78;
t85 = -t80;
t86 = -t81;
t89 = t49+t73;
t90 = t50+t72;
t91 = t52+t53+t83;
t87 = t47+t69;
t88 = t48+t68;
t92 = t52+t53+t84;
t93 = t51+t55+t79;
t94 = t51+t55+t82;
t95 = t46+t61+t62+t85;
t96 = t46+t60+t63+t86;
et1 = -d2Xd4-t36.*((o1.*t38.*t76.*t87)./2.0+(o2.*t38.*t76.*t90)./2.0-(o3.*t38.*t76.*t89)./2.0+t35.*t41.*t76.*t87-t33.*t38.*t76.*t93-t35.*t38.*t76.*t91+t36.*t41.*t76.*t88+t37.*t41.*t76.*t89-t37.*t38.*t76.*t96-t36.*t38.*t76.*(t57+t64+t4.*t25.*t45.*8.0)-q2.*t33.*t34.*t76.*t90.*4.0+t35.*t38.*t77.*t87.*(t28-t41)-t33.*t38.*t77.*t90.*(t28-t41)+t36.*t38.*t77.*t88.*(t28-t41)+t37.*t38.*t77.*t89.*(t28-t41));
et2 = -t35.*(o1.*t38.*t76.*t88.*(-1.0./2.0)+(o2.*t38.*t76.*t89)./2.0+(o3.*t38.*t76.*t90)./2.0+t35.*t42.*t76.*t87-t36.*t38.*t76.*t91+t33.*t38.*t76.*t95+t36.*t42.*t76.*t88+t37.*t42.*t76.*t89+t37.*t38.*t76.*t94-t35.*t38.*t76.*(t56+t64+t5.*t25.*t45.*8.0)-q3.*t33.*t34.*t76.*t90.*4.0+t35.*t38.*t77.*t87.*(t27-t42)-t33.*t38.*t77.*t90.*(t27-t42)+t36.*t38.*t77.*t88.*(t27-t42)+t37.*t38.*t77.*t89.*(t27-t42));
et3 = -t37.*(o2.*t38.*t76.*t87.*(-1.0./2.0)+(o1.*t38.*t76.*t90)./2.0+(o3.*t38.*t76.*t88)./2.0-t33.*t38.*t76.*t92+t33.*t40.*t76.*t90+t35.*t38.*t76.*t94-t36.*t38.*t76.*t96+t37.*t38.*t76.*(t57+t64-t3.*t25.*t45.*8.0)-q1.*t34.*t35.*t76.*t87.*4.0-q1.*t34.*t36.*t76.*t88.*4.0-q1.*t34.*t37.*t76.*t89.*4.0+t35.*t38.*t71.*t77.*t87-t33.*t38.*t71.*t77.*t90+t36.*t38.*t71.*t77.*t88+t37.*t38.*t71.*t77.*t89);
et4 = -t33.*((o1.*t38.*t76.*t89)./2.0+(o2.*t38.*t76.*t88)./2.0+(o3.*t38.*t76.*t87)./2.0+t35.*t39.*t76.*t87+t36.*t39.*t76.*t88+t37.*t39.*t76.*t89-t36.*t38.*t76.*t93-t37.*t38.*t76.*t92+t35.*t38.*t76.*t95+t33.*t38.*t76.*(t56+t64-t2.*t25.*t45.*8.0)-q0.*t33.*t34.*t76.*t90.*4.0-t35.*t38.*t70.*t77.*t87+t33.*t38.*t70.*t77.*t90-t36.*t38.*t70.*t77.*t88-t37.*t38.*t70.*t77.*t89)+((jx.*o1.*o2-jy.*o1.*o2).*((q0.*t38.*t76.*t87)./2.0-(q1.*t38.*t76.*t88)./2.0+(q2.*t38.*t76.*t89)./2.0-(q3.*t38.*t76.*t90)./2.0))./jz;
et5 = -((jx.*o1.*o3-jz.*o1.*o3).*((q0.*t38.*t76.*t88)./2.0+(q1.*t38.*t76.*t87)./2.0-(q2.*t38.*t76.*t90)./2.0-(q3.*t38.*t76.*t89)./2.0))./jy+((jy.*o2.*o3-jz.*o2.*o3).*((q0.*t38.*t76.*t89)./2.0-(q2.*t38.*t76.*t87)./2.0-(q1.*t38.*t76.*t90)./2.0+(q3.*t38.*t76.*t88)./2.0))./jx;
alpha23 = et1+et2+et3+et4+et5;
end
