function out1 = Cf2_sens(in1,in2,y,y2,in5)
%Cf2_sens
%    OUT1 = Cf2_sens(IN1,IN2,Y,Y2,IN5)

%    This function was generated by the Symbolic Math Toolbox version 9.3.
%    2023/07/11 12:14:58

R_num1_1 = in5(1);
R_num2_1 = in5(2);
R_num3_1 = in5(3);
p1 = in1(1,:);
p2 = in1(2,:);
p3 = in1(3,:);
qb1 = in2(1,:);
qb2 = in2(2,:);
qb3 = in2(3,:);
qb4 = in2(4,:);
t2 = R_num1_1.*y2;
t3 = qb1.*qb2;
t4 = qb1.*qb3;
t5 = qb1.*qb4;
t6 = qb2.*qb3;
t7 = qb2.*qb4;
t8 = qb3.*qb4;
t9 = qb1.^2;
t10 = qb2.^2;
t11 = qb3.^2;
t12 = qb4.^2;
t13 = t3.*4.0;
t14 = t4.*4.0;
t15 = t5.*4.0;
t16 = t6.*4.0;
t17 = t7.*4.0;
t18 = t8.*4.0;
t19 = t2+y;
t20 = t9.*2.0;
t21 = t10.*2.0;
t22 = t11.*2.0;
t23 = t12.*2.0;
t24 = -t6;
t25 = -t7;
t26 = -t8;
t27 = -t10;
t29 = -t11;
t31 = -t12;
t33 = t3+t8;
t34 = t4+t7;
t35 = t5+t6;
t28 = -t21;
t30 = -t22;
t32 = -t23;
t36 = t3+t26;
t37 = t4+t25;
t38 = t5+t24;
t39 = t9+t12+t27+t29;
t40 = t9+t11+t27+t31;
t41 = t9+t10+t29+t31;
out1 = [p1.*2.0;p2.*2.0;p3.*2.0;t20+t21+t30+t32;-t15+t16;t14+t17;t15+t16;t20+t22+t28+t32;-t13+t18;-t14+t17;t13+t18;t20+t23+t28+t30;t19.*t41;t19.*t38.*-2.0;t19.*t34.*2.0;R_num2_1.*t41.*y2;R_num2_1.*t38.*y2.*-2.0;R_num2_1.*t34.*y2.*2.0;R_num3_1.*t41.*y2;R_num3_1.*t38.*y2.*-2.0;R_num3_1.*t34.*y2.*2.0;t19.*t35.*2.0;t19.*t40;t19.*t36.*-2.0;R_num2_1.*t35.*y2.*2.0;R_num2_1.*t40.*y2;R_num2_1.*t36.*y2.*-2.0;R_num3_1.*t35.*y2.*2.0;R_num3_1.*t40.*y2;R_num3_1.*t36.*y2.*-2.0;t19.*t37.*-2.0;t19.*t33.*2.0;t19.*t39;R_num2_1.*t37.*y2.*-2.0;R_num2_1.*t33.*y2.*2.0;R_num2_1.*t39.*y2;R_num3_1.*t37.*y2.*-2.0;R_num3_1.*t33.*y2.*2.0;R_num3_1.*t39.*y2];
end
