function cFe1Gj = Fe1Gj(in1,in2,in3,in4,in5)
%Fe1Gj
%    cFe1Gj = Fe1Gj(IN1,IN2,IN3,IN4,IN5)

%    This function was generated by the Symbolic Math Toolbox version 9.1.
%    31-May-2022 10:03:18

Length = in5(:,16);
V1 = in4(:,1);
ddXd3 = in2(:,11);
gravity = in5(:,6);
m = in5(:,1);
mL = in5(:,15);
o1 = in1(5,:);
o2 = in1(6,:);
o3 = in1(7,:);
ol1 = in1(17,:);
ol2 = in1(18,:);
ol3 = in1(19,:);
pT1 = in1(14,:);
pT2 = in1(15,:);
pT3 = in1(16,:);
q0 = in1(1,:);
q1 = in1(2,:);
q2 = in1(3,:);
q3 = in1(4,:);
u2 = in3(2,:);
u3 = in3(3,:);
u4 = in3(4,:);
t2 = m+mL;
t3 = ol1.*pT2;
t4 = ol2.*pT1;
t5 = ol1.*pT3;
t6 = ol3.*pT1;
t7 = ol2.*pT3;
t8 = ol3.*pT2;
t9 = pT1.^2;
t10 = q0.^2;
t11 = q1.^2;
t12 = q2.^2;
t13 = q3.^2;
t14 = pT1.*q0.*2.0;
t15 = pT1.*q1.*2.0;
t16 = pT2.*q0.*2.0;
t17 = pT1.*q2.*2.0;
t18 = pT2.*q1.*2.0;
t19 = pT3.*q0.*2.0;
t20 = pT1.*q3.*2.0;
t21 = pT2.*q2.*2.0;
t22 = pT3.*q1.*2.0;
t23 = pT2.*q3.*2.0;
t24 = pT3.*q2.*2.0;
t25 = pT3.*q3.*2.0;
t26 = q0.*q1.*2.0;
t27 = q0.*q2.*2.0;
t28 = q1.*q3.*2.0;
t29 = q2.*q3.*2.0;
t30 = V1+ddXd3+gravity;
t31 = 1.0./Length;
t32 = 1.0./m;
t33 = 1.0./pT3;
t56 = pT2.*q0.*q1.*-2.0;
t34 = t33.^2;
t35 = t33.^3;
t36 = -t4;
t37 = -t6;
t38 = -t8;
t39 = -t18;
t40 = -t19;
t41 = -t20;
t42 = -t22;
t43 = -t24;
t44 = -t29;
t45 = pT3.*t10;
t46 = pT3.*t11;
t47 = pT3.*t12;
t48 = pT3.*t13;
t49 = q2.*t14;
t50 = q1.*t16;
t51 = q3.*t15;
t52 = q3.*t21;
t53 = -t11;
t54 = -t12;
t55 = 1.0./t2;
t62 = t14+t23;
t63 = t15+t21;
t64 = t16+t22;
t65 = t17+t19;
t66 = t15+t25;
t67 = t21+t25;
t68 = t27+t28;
t57 = -t46;
t58 = -t47;
t59 = t3+t36;
t60 = t5+t37;
t61 = t7+t38;
t69 = t14+t43;
t70 = t16+t41;
t71 = t17+t39;
t72 = t18+t40;
t73 = t20+t42;
t74 = t23+t43;
t75 = t26+t44;
t79 = pT2.*t68;
t80 = pT3.*t68;
t81 = t9.*t30.*t34;
t84 = t25+t63;
t86 = t39+t65;
t87 = t41+t64;
t88 = t43+t62;
t90 = t10+t13+t53+t54;
t76 = t59.^2;
t77 = t60.^2;
t78 = t61.^2;
t82 = pT1.*t75;
t83 = pT3.*t75;
t85 = -t80;
t89 = t30+t81;
t91 = pT1.*t90;
t92 = pT2.*t90;
t98 = t45+t48+t49+t51+t52+t56+t57+t58;
t93 = t79+t82;
t94 = t76+t77+t78;
t95 = t83+t92;
t96 = t85+t91;
t100 = 1.0./t98;
t97 = Length.*m.*pT3.*t55.*t94;
t101 = t100.^2;
t99 = t30+t97;
t102 = pT2.*t2.*t30.*t31.*t32.*t34.*t62.*t99.*t100;
t103 = pT2.*t2.*t30.*t31.*t32.*t34.*t63.*t99.*t100;
t104 = pT2.*t2.*t30.*t31.*t32.*t34.*t70.*t99.*t100;
t105 = pT2.*t2.*t30.*t31.*t32.*t34.*t71.*t99.*t100;
t106 = pT1.*pT2.*t2.*t30.*t31.*t32.*t35.*t64.*t99.*t100;
t107 = pT1.*pT2.*t2.*t30.*t31.*t32.*t35.*t67.*t99.*t100;
t109 = pT1.*pT2.*t2.*t30.*t31.*t32.*t35.*t72.*t99.*t100;
t110 = pT1.*pT2.*t2.*t30.*t31.*t32.*t35.*t74.*t99.*t100;
t111 = t2.*t31.*t32.*t33.*t65.*t89.*t99.*t100;
t112 = t2.*t31.*t32.*t33.*t66.*t89.*t99.*t100;
t113 = t2.*t31.*t32.*t33.*t69.*t89.*t99.*t100;
t114 = t2.*t31.*t32.*t33.*t73.*t89.*t99.*t100;
t115 = pT2.*t2.*t30.*t31.*t32.*t34.*t84.*t93.*t99.*t101;
t116 = pT2.*t2.*t30.*t31.*t32.*t34.*t86.*t93.*t99.*t101;
t117 = pT2.*t2.*t30.*t31.*t32.*t34.*t87.*t93.*t99.*t101;
t118 = pT2.*t2.*t30.*t31.*t32.*t34.*t88.*t93.*t99.*t101;
t120 = pT1.*pT2.*t2.*t30.*t31.*t32.*t35.*t84.*t95.*t99.*t101;
t121 = pT1.*pT2.*t2.*t30.*t31.*t32.*t35.*t86.*t95.*t99.*t101;
t122 = pT1.*pT2.*t2.*t30.*t31.*t32.*t35.*t87.*t95.*t99.*t101;
t123 = pT1.*pT2.*t2.*t30.*t31.*t32.*t35.*t88.*t95.*t99.*t101;
t127 = -t2.*t31.*t32.*t33.*t84.*t89.*t99.*t101.*(t80-t91);
t128 = -t2.*t31.*t32.*t33.*t86.*t89.*t99.*t101.*(t80-t91);
t129 = -t2.*t31.*t32.*t33.*t87.*t89.*t99.*t101.*(t80-t91);
t130 = -t2.*t31.*t32.*t33.*t88.*t89.*t99.*t101.*(t80-t91);
t131 = t2.*t31.*t32.*t33.*t84.*t89.*t99.*t101.*(t80-t91);
t132 = t2.*t31.*t32.*t33.*t86.*t89.*t99.*t101.*(t80-t91);
t133 = t2.*t31.*t32.*t33.*t87.*t89.*t99.*t101.*(t80-t91);
t108 = -t103;
t119 = -t118;
t124 = -t120;
t125 = -t121;
t126 = -t122;
t134 = t104+t107+t111+t119+t123+t130;
t135 = t105+t110+t114+t115+t124+t131;
t136 = t102+t109+t112+t117+t126+t133;
t137 = t106+t108+t113+t116+t125+t132;
t138 = (q0.*t134)./2.0;
t139 = (q1.*t134)./2.0;
t140 = (q3.*t134)./2.0;
t142 = (q0.*t135)./2.0;
t143 = (q1.*t135)./2.0;
t144 = (q2.*t135)./2.0;
t145 = (q0.*t136)./2.0;
t146 = (q2.*t136)./2.0;
t147 = (q3.*t136)./2.0;
t151 = (q1.*t137)./2.0;
t152 = (q2.*t137)./2.0;
t153 = (q3.*t137)./2.0;
t141 = -t139;
t148 = -t142;
t149 = -t143;
t150 = -t147;
t154 = t140+t144+t145+t151;
t155 = t138+t149+t150+t152;
t156 = t141+t146+t148+t153;
cFe1Gj = [-t154.*u2,-o2.*o3.*t154,-t155.*u3,o1.*o3.*t155,u4.*(t139+t142-t146-t153),o1.*o2.*(t139+t142-t146-t153)];
