function dxg = G(in1,in2)
%G
%    DXG = G(IN1,IN2)

%    This function was generated by the Symbolic Math Toolbox version 8.7.
%    27-Jun-2022 18:45:23

Lx = in2(:,2);
Ly = in2(:,3);
jx = in2(:,6);
jy = in2(:,7);
jz = in2(:,8);
km1 = in2(:,10);
km2 = in2(:,11);
km3 = in2(:,12);
km4 = in2(:,13);
lx = in2(:,4);
ly = in2(:,5);
m = in2(:,1);
q0 = in1(1,:);
q1 = in1(2,:);
q2 = in1(3,:);
q3 = in1(4,:);
t2 = q0.^2;
t3 = q1.^2;
t4 = q2.^2;
t5 = q3.^2;
t6 = q0.*q1.*2.0;
t7 = q0.*q2.*2.0;
t8 = q1.*q3.*2.0;
t9 = q2.*q3.*2.0;
t10 = 1.0./jx;
t11 = 1.0./jy;
t12 = 1.0./jz;
t13 = -lx;
t14 = -ly;
t15 = 1.0./m;
t16 = -t9;
t17 = -t3;
t18 = -t4;
t19 = Lx+t13;
t20 = Ly+t14;
t21 = ly.*t10;
t22 = lx.*t11;
t23 = t10.*t14;
t24 = t7+t8;
t25 = t6+t16;
t26 = t11.*t19;
t27 = t10.*t20;
t29 = t15.*t24;
t32 = t2+t5+t17+t18;
t28 = -t26;
t30 = t15.*t25;
t33 = t15.*t32;
t31 = -t30;
dxg = reshape([0.0,0.0,0.0,0.0,0.0,0.0,0.0,t29,t31,t33,t23,t22,km1.*t12,0.0,0.0,0.0,0.0,0.0,0.0,0.0,t29,t31,t33,t23,t28,-km2.*t12,0.0,0.0,0.0,0.0,0.0,0.0,0.0,t29,t31,t33,t27,t22,-km3.*t12,0.0,0.0,0.0,0.0,0.0,0.0,0.0,t29,t31,t33,t27,t28,km4.*t12],[13,4]);
