function cGe1 = Ge1(in1,in2,in3,in4,in5)
%GE1
%    CGE1 = GE1(IN1,IN2,IN3,IN4,IN5)

%    This function was generated by the Symbolic Math Toolbox version 8.6.
%    20-May-2022 11:43:48

Length = in5(:,16);
V1 = in4(:,1);
ddXd3 = in2(:,11);
gravity = in5(:,6);
jx = in5(:,3);
jy = in5(:,4);
jz = in5(:,5);
m = in5(:,1);
mL = in5(:,15);
o1 = in1(5,:);
o2 = in1(6,:);
o3 = in1(7,:);
ol1 = in1(17,:);
ol2 = in1(18,:);
ol3 = in1(19,:);
pT1 = in1(14,:);
pT2 = in1(15,:);
pT3 = in1(16,:);
q0 = in1(1,:);
q1 = in1(2,:);
q2 = in1(3,:);
q3 = in1(4,:);
t2 = m+mL;
t3 = ol1.*pT2;
t4 = ol2.*pT1;
t5 = ol1.*pT3;
t6 = ol3.*pT1;
t7 = ol2.*pT3;
t8 = ol3.*pT2;
t9 = pT1.^2;
t10 = q0.^2;
t11 = q1.^2;
t12 = q2.^2;
t13 = q3.^2;
t14 = pT1.*q0.*2.0;
t15 = pT1.*q1.*2.0;
t16 = pT2.*q0.*2.0;
t17 = pT1.*q2.*2.0;
t18 = pT2.*q1.*2.0;
t19 = pT3.*q0.*2.0;
t20 = pT1.*q3.*2.0;
t21 = pT2.*q2.*2.0;
t22 = pT3.*q1.*2.0;
t23 = pT2.*q3.*2.0;
t24 = pT3.*q2.*2.0;
t25 = pT3.*q3.*2.0;
t26 = q0.*q1.*2.0;
t27 = q0.*q2.*2.0;
t28 = q0.*q3.*2.0;
t29 = q1.*q2.*2.0;
t30 = q1.*q3.*2.0;
t31 = q2.*q3.*2.0;
t32 = V1+ddXd3+gravity;
t33 = 1.0./Length;
t34 = -jy;
t35 = -jz;
t36 = 1.0./jx;
t37 = 1.0./jy;
t38 = 1.0./jz;
t39 = 1.0./m;
t40 = 1.0./pT3;
t83 = pT2.*q0.*q1.*-2.0;
t41 = t40.^2;
t42 = t40.^3;
t43 = -t4;
t44 = -t6;
t45 = -t8;
t46 = -t18;
t47 = -t19;
t48 = -t20;
t49 = -t22;
t50 = -t24;
t51 = -t29;
t52 = -t30;
t53 = -t31;
t54 = pT1.*t10;
t55 = pT1.*t11;
t56 = pT2.*t10;
t57 = pT1.*t12;
t58 = pT2.*t11;
t59 = pT3.*t10;
t60 = pT1.*t13;
t61 = pT2.*t12;
t62 = pT3.*t11;
t63 = pT2.*t13;
t64 = pT3.*t12;
t65 = pT3.*t13;
t66 = q1.*t14;
t67 = q2.*t14;
t68 = q1.*t16;
t69 = q2.*t16;
t70 = q3.*t15;
t71 = q3.*t17;
t72 = q3.*t18;
t73 = q3.*t19;
t74 = q2.*t22;
t75 = q3.*t21;
t76 = -t11;
t77 = -t12;
t78 = -t13;
t79 = jx+t34;
t80 = jx+t35;
t81 = jy+t35;
t82 = 1.0./t2;
t91 = t14+t23;
t92 = t15+t21;
t93 = t16+t22;
t94 = t17+t19;
t95 = t15+t25;
t96 = t21+t25;
t97 = t26+t31;
t98 = t27+t30;
t99 = t28+t29;
t84 = -t58;
t85 = -t60;
t86 = -t62;
t87 = -t64;
t88 = t3+t43;
t89 = t5+t44;
t90 = t7+t45;
t100 = t14+t50;
t101 = t16+t48;
t102 = t17+t46;
t103 = t18+t47;
t104 = t20+t49;
t105 = t23+t50;
t106 = t26+t53;
t107 = t27+t52;
t108 = t28+t51;
t112 = pT2.*t98;
t113 = pT3.*t98;
t114 = t9.*t32.*t41;
t117 = t25+t92;
t118 = o1.*o2.*t38.*t79;
t119 = o1.*o3.*t37.*t80;
t120 = o2.*o3.*t36.*t81;
t122 = t46+t94;
t123 = t48+t93;
t124 = t50+t91;
t126 = t10+t13+t76+t77;
t127 = t10+t12+t76+t78;
t128 = t10+t11+t77+t78;
t109 = t88.^2;
t110 = t89.^2;
t111 = t90.^2;
t115 = pT1.*t106;
t116 = pT3.*t106;
t121 = -t113;
t125 = t32+t114;
t129 = pT1.*t126;
t130 = pT2.*t126;
t136 = t59+t65+t67+t70+t75+t83+t86+t87;
t131 = t112+t115;
t132 = t109+t110+t111;
t133 = t116+t130;
t134 = t121+t129;
t138 = 1.0./t136;
t135 = Length.*m.*pT3.*t82.*t132;
t139 = t138.^2;
t137 = t32+t135;
t140 = pT2.*t2.*t32.*t33.*t39.*t41.*t91.*t137.*t138;
t141 = pT2.*t2.*t32.*t33.*t39.*t41.*t92.*t137.*t138;
t142 = pT2.*t2.*t32.*t33.*t39.*t41.*t101.*t137.*t138;
t143 = pT2.*t2.*t32.*t33.*t39.*t41.*t102.*t137.*t138;
t144 = pT1.*pT2.*t2.*t32.*t33.*t39.*t42.*t93.*t137.*t138;
t145 = pT1.*pT2.*t2.*t32.*t33.*t39.*t42.*t96.*t137.*t138;
t147 = pT1.*pT2.*t2.*t32.*t33.*t39.*t42.*t103.*t137.*t138;
t148 = pT1.*pT2.*t2.*t32.*t33.*t39.*t42.*t105.*t137.*t138;
t149 = t2.*t33.*t39.*t40.*t94.*t125.*t137.*t138;
t150 = t2.*t33.*t39.*t40.*t95.*t125.*t137.*t138;
t151 = t2.*t33.*t39.*t40.*t100.*t125.*t137.*t138;
t152 = t2.*t33.*t39.*t40.*t104.*t125.*t137.*t138;
t153 = pT2.*t2.*t32.*t33.*t39.*t41.*t117.*t131.*t137.*t139;
t154 = pT2.*t2.*t32.*t33.*t39.*t41.*t122.*t131.*t137.*t139;
t155 = pT2.*t2.*t32.*t33.*t39.*t41.*t123.*t131.*t137.*t139;
t156 = pT2.*t2.*t32.*t33.*t39.*t41.*t124.*t131.*t137.*t139;
t158 = pT1.*pT2.*t2.*t32.*t33.*t39.*t42.*t117.*t133.*t137.*t139;
t159 = pT1.*pT2.*t2.*t32.*t33.*t39.*t42.*t122.*t133.*t137.*t139;
t160 = pT1.*pT2.*t2.*t32.*t33.*t39.*t42.*t123.*t133.*t137.*t139;
t161 = pT1.*pT2.*t2.*t32.*t33.*t39.*t42.*t124.*t133.*t137.*t139;
t165 = -t2.*t33.*t39.*t40.*t117.*t125.*t137.*t139.*(t113-t129);
t166 = -t2.*t33.*t39.*t40.*t122.*t125.*t137.*t139.*(t113-t129);
t167 = -t2.*t33.*t39.*t40.*t123.*t125.*t137.*t139.*(t113-t129);
t168 = -t2.*t33.*t39.*t40.*t124.*t125.*t137.*t139.*(t113-t129);
t169 = t2.*t33.*t39.*t40.*t117.*t125.*t137.*t139.*(t113-t129);
t170 = t2.*t33.*t39.*t40.*t122.*t125.*t137.*t139.*(t113-t129);
t171 = t2.*t33.*t39.*t40.*t123.*t125.*t137.*t139.*(t113-t129);
t146 = -t141;
t157 = -t156;
t162 = -t158;
t163 = -t159;
t164 = -t160;
t172 = t142+t145+t149+t157+t161+t168;
t173 = t143+t148+t152+t153+t162+t169;
t174 = t140+t147+t150+t155+t164+t171;
t175 = t144+t146+t151+t154+t163+t170;
t176 = (q0.*t172)./2.0;
t177 = (q1.*t172)./2.0;
t178 = (q3.*t172)./2.0;
t180 = (q0.*t173)./2.0;
t181 = (q1.*t173)./2.0;
t182 = (q2.*t173)./2.0;
t183 = (q0.*t174)./2.0;
t184 = (q2.*t174)./2.0;
t185 = (q3.*t174)./2.0;
t189 = (q1.*t175)./2.0;
t190 = (q2.*t175)./2.0;
t191 = (q3.*t175)./2.0;
t179 = -t177;
t186 = -t180;
t187 = -t181;
t188 = -t185;
t192 = t178+t182+t183+t189;
t196 = -t118.*(t177+t180-t184-t191);
t193 = t176+t187+t188+t190;
t194 = t179+t184+t186+t191;
t195 = t120.*t192;
t197 = t119.*t193;
t198 = -t197;
cGe1 = [t195+t196+t198+(t118-t38.*(Length.*m.*mL.*pT1.*t82.*t99.*t132-Length.*m.*mL.*pT2.*t82.*t128.*t132)+mL.*t38.*t40.*t137.*(-t56+t61+t63+t84+q2.*t15+q3.*t14)).*(t177+t180-t184-t191)-t192.*(t120+t36.*(mL.*t99.*t135+Length.*m.*mL.*pT2.*t82.*t107.*t132)-mL.*t36.*t40.*t137.*(t69+t73+t74-pT2.*q1.*q3.*2.0))+t193.*(t119+t37.*(mL.*t128.*t135+Length.*m.*mL.*pT1.*t82.*t107.*t132)-mL.*t37.*t40.*t137.*(t59+t62-t65+t67+t87-pT1.*q1.*q3.*2.0)),t195+t196+t198+t193.*(t119-t37.*(mL.*t108.*t135+Length.*m.*mL.*pT1.*t82.*t97.*t132)+mL.*t37.*t40.*t137.*(t66+t71+t73-pT3.*q1.*q2.*2.0))-t192.*(t120+t36.*(mL.*t127.*t135-Length.*m.*mL.*pT2.*t82.*t97.*t132)+mL.*t36.*t40.*t137.*(-t59+t62+t65+t68+t75+t87))+(t118-t38.*(Length.*m.*mL.*pT2.*t82.*t108.*t132+Length.*m.*mL.*pT1.*t82.*t127.*t132)+mL.*t38.*t40.*t137.*(t54-t55+t57+t85+q3.*t16-pT2.*q1.*q2.*2.0)).*(t177+t180-t184-t191),t195+t196+t198-t192.*(t120+t36.*(Length.*m.*mL.*t82.*t116.*t132+Length.*m.*mL.*t82.*t130.*t132)-mL.*t36.*t40.*t137.*(t56-t61+t63+t84+q1.*t19-pT3.*q2.*q3.*2.0))+(t118-t38.*(Length.*m.*mL.*t82.*t112.*t132+Length.*m.*mL.*t82.*t115.*t132)+mL.*t38.*t40.*t137.*(t66+t69+t72-pT1.*q2.*q3.*2.0)).*(t177+t180-t184-t191)+t193.*(t119-t37.*(Length.*m.*mL.*t82.*t113.*t132-Length.*m.*mL.*t82.*t129.*t132)+mL.*t37.*t40.*t137.*(-t54+t55+t57+t85+q2.*t19+q3.*t22))];
