function cGe1Gj = Ge1Gj(in1,in2,in3,in4,in5)
%Ge1Gj
%    cGe1Gj = Ge1Gj(IN1,IN2,IN3,IN4,IN5)

%    This function was generated by the Symbolic Math Toolbox version 9.1.
%    31-May-2022 10:03:53

Length = in5(:,16);
V1 = in4(:,1);
ddXd3 = in2(:,11);
gravity = in5(:,6);
m = in5(:,1);
mL = in5(:,15);
ol1 = in1(17,:);
ol2 = in1(18,:);
ol3 = in1(19,:);
pT1 = in1(14,:);
pT2 = in1(15,:);
pT3 = in1(16,:);
q0 = in1(1,:);
q1 = in1(2,:);
q2 = in1(3,:);
q3 = in1(4,:);
t2 = m+mL;
t3 = ol1.*pT2;
t4 = ol2.*pT1;
t5 = ol1.*pT3;
t6 = ol3.*pT1;
t7 = ol2.*pT3;
t8 = ol3.*pT2;
t9 = pT1.^2;
t10 = q0.^2;
t11 = q1.^2;
t12 = q2.^2;
t13 = q3.^2;
t14 = pT1.*q0.*2.0;
t15 = pT1.*q1.*2.0;
t16 = pT2.*q0.*2.0;
t17 = pT1.*q2.*2.0;
t18 = pT2.*q1.*2.0;
t19 = pT3.*q0.*2.0;
t20 = pT1.*q3.*2.0;
t21 = pT2.*q2.*2.0;
t22 = pT3.*q1.*2.0;
t23 = pT2.*q3.*2.0;
t24 = pT3.*q2.*2.0;
t25 = pT3.*q3.*2.0;
t26 = q0.*q1.*2.0;
t27 = q0.*q2.*2.0;
t28 = q0.*q3.*2.0;
t29 = q1.*q2.*2.0;
t30 = q1.*q3.*2.0;
t31 = q2.*q3.*2.0;
t32 = V1+ddXd3+gravity;
t33 = 1.0./Length;
t34 = 1.0./m;
t35 = 1.0./pT3;
t75 = pT2.*q0.*q1.*-2.0;
t36 = t35.^2;
t37 = t35.^3;
t38 = -t4;
t39 = -t6;
t40 = -t8;
t41 = -t18;
t42 = -t19;
t43 = -t20;
t44 = -t22;
t45 = -t24;
t46 = -t29;
t47 = -t30;
t48 = -t31;
t49 = pT1.*t10;
t50 = pT1.*t11;
t51 = pT2.*t10;
t52 = pT1.*t12;
t53 = pT2.*t11;
t54 = pT3.*t10;
t55 = pT1.*t13;
t56 = pT2.*t12;
t57 = pT3.*t11;
t58 = pT2.*t13;
t59 = pT3.*t12;
t60 = pT3.*t13;
t61 = q1.*t14;
t62 = q2.*t14;
t63 = q1.*t16;
t64 = q2.*t16;
t65 = q3.*t15;
t66 = q3.*t17;
t67 = q3.*t18;
t68 = q3.*t19;
t69 = q2.*t22;
t70 = q3.*t21;
t71 = -t11;
t72 = -t12;
t73 = -t13;
t74 = 1.0./t2;
t83 = t14+t23;
t84 = t15+t21;
t85 = t16+t22;
t86 = t17+t19;
t87 = t15+t25;
t88 = t21+t25;
t89 = t26+t31;
t90 = t27+t30;
t91 = t28+t29;
t76 = -t53;
t77 = -t55;
t78 = -t57;
t79 = -t59;
t80 = t3+t38;
t81 = t5+t39;
t82 = t7+t40;
t92 = t14+t45;
t93 = t16+t43;
t94 = t17+t41;
t95 = t18+t42;
t96 = t20+t44;
t97 = t23+t45;
t98 = t26+t48;
t99 = t27+t47;
t100 = t28+t46;
t104 = pT2.*t90;
t105 = pT3.*t90;
t106 = t9.*t32.*t36;
t109 = t25+t84;
t111 = t41+t86;
t112 = t43+t85;
t113 = t45+t83;
t115 = t10+t13+t71+t72;
t116 = t10+t12+t71+t73;
t117 = t10+t11+t72+t73;
t101 = t80.^2;
t102 = t81.^2;
t103 = t82.^2;
t107 = pT1.*t98;
t108 = pT3.*t98;
t110 = -t105;
t114 = t32+t106;
t118 = pT1.*t115;
t119 = pT2.*t115;
t125 = t54+t60+t62+t65+t70+t75+t78+t79;
t120 = t104+t107;
t121 = t101+t102+t103;
t122 = t108+t119;
t123 = t110+t118;
t127 = 1.0./t125;
t124 = Length.*m.*pT3.*t74.*t121;
t128 = t127.^2;
t126 = t32+t124;
t129 = pT2.*t2.*t32.*t33.*t34.*t36.*t83.*t126.*t127;
t130 = pT2.*t2.*t32.*t33.*t34.*t36.*t84.*t126.*t127;
t131 = pT2.*t2.*t32.*t33.*t34.*t36.*t93.*t126.*t127;
t132 = pT2.*t2.*t32.*t33.*t34.*t36.*t94.*t126.*t127;
t133 = pT1.*pT2.*t2.*t32.*t33.*t34.*t37.*t85.*t126.*t127;
t134 = pT1.*pT2.*t2.*t32.*t33.*t34.*t37.*t88.*t126.*t127;
t136 = pT1.*pT2.*t2.*t32.*t33.*t34.*t37.*t95.*t126.*t127;
t137 = pT1.*pT2.*t2.*t32.*t33.*t34.*t37.*t97.*t126.*t127;
t138 = t2.*t33.*t34.*t35.*t86.*t114.*t126.*t127;
t139 = t2.*t33.*t34.*t35.*t87.*t114.*t126.*t127;
t140 = t2.*t33.*t34.*t35.*t92.*t114.*t126.*t127;
t141 = t2.*t33.*t34.*t35.*t96.*t114.*t126.*t127;
t142 = pT2.*t2.*t32.*t33.*t34.*t36.*t109.*t120.*t126.*t128;
t143 = pT2.*t2.*t32.*t33.*t34.*t36.*t111.*t120.*t126.*t128;
t144 = pT2.*t2.*t32.*t33.*t34.*t36.*t112.*t120.*t126.*t128;
t145 = pT2.*t2.*t32.*t33.*t34.*t36.*t113.*t120.*t126.*t128;
t147 = pT1.*pT2.*t2.*t32.*t33.*t34.*t37.*t109.*t122.*t126.*t128;
t148 = pT1.*pT2.*t2.*t32.*t33.*t34.*t37.*t111.*t122.*t126.*t128;
t149 = pT1.*pT2.*t2.*t32.*t33.*t34.*t37.*t112.*t122.*t126.*t128;
t150 = pT1.*pT2.*t2.*t32.*t33.*t34.*t37.*t113.*t122.*t126.*t128;
t154 = -t2.*t33.*t34.*t35.*t109.*t114.*t126.*t128.*(t105-t118);
t155 = -t2.*t33.*t34.*t35.*t111.*t114.*t126.*t128.*(t105-t118);
t156 = -t2.*t33.*t34.*t35.*t112.*t114.*t126.*t128.*(t105-t118);
t157 = -t2.*t33.*t34.*t35.*t113.*t114.*t126.*t128.*(t105-t118);
t158 = t2.*t33.*t34.*t35.*t109.*t114.*t126.*t128.*(t105-t118);
t159 = t2.*t33.*t34.*t35.*t111.*t114.*t126.*t128.*(t105-t118);
t160 = t2.*t33.*t34.*t35.*t112.*t114.*t126.*t128.*(t105-t118);
t135 = -t130;
t146 = -t145;
t151 = -t147;
t152 = -t148;
t153 = -t149;
t161 = t131+t134+t138+t146+t150+t157;
t162 = t132+t137+t141+t142+t151+t158;
t163 = t129+t136+t139+t144+t153+t160;
t164 = t133+t135+t140+t143+t152+t159;
t165 = (q0.*t161)./2.0;
t166 = (q1.*t161)./2.0;
t167 = (q3.*t161)./2.0;
t169 = (q0.*t162)./2.0;
t170 = (q1.*t162)./2.0;
t171 = (q2.*t162)./2.0;
t172 = (q0.*t163)./2.0;
t173 = (q2.*t163)./2.0;
t174 = (q3.*t163)./2.0;
t178 = (q1.*t164)./2.0;
t179 = (q2.*t164)./2.0;
t180 = (q3.*t164)./2.0;
t168 = -t166;
t175 = -t169;
t176 = -t170;
t177 = -t174;
t181 = t167+t171+t172+t178;
t182 = t165+t176+t177+t179;
t183 = t168+t173+t175+t180;
mt1 = [-t181.*(mL.*t91.*t124-mL.*t35.*t126.*(t64+t68+t69-pT2.*q1.*q3.*2.0)+Length.*m.*mL.*pT2.*t74.*t99.*t121),-t181.*(mL.*t116.*t124+mL.*t35.*t126.*(-t54+t57+t60+t63+t70+t79)-Length.*m.*mL.*pT2.*t74.*t89.*t121),-t181.*(-mL.*t35.*t126.*(t51-t56+t58+t76+q1.*t19-pT3.*q2.*q3.*2.0)+Length.*m.*mL.*t74.*t108.*t121+Length.*m.*mL.*t74.*t119.*t121),t182.*(mL.*t117.*t124-mL.*t35.*t126.*(t54+t57-t60+t62+t79-pT1.*q1.*q3.*2.0)+Length.*m.*mL.*pT1.*t74.*t99.*t121),-t182.*(mL.*t100.*t124-mL.*t35.*t126.*(t61+t66+t68-pT3.*q1.*q2.*2.0)+Length.*m.*mL.*pT1.*t74.*t89.*t121)];
mt2 = [t182.*(mL.*t35.*t126.*(-t49+t50+t52+t77+q2.*t19+q3.*t22)+Length.*m.*mL.*t74.*t110.*t121+Length.*m.*mL.*t74.*t118.*t121),(mL.*t35.*t126.*(-t51+t56+t58+t76+q2.*t15+q3.*t14)-Length.*m.*mL.*pT1.*t74.*t91.*t121+Length.*m.*mL.*pT2.*t74.*t117.*t121).*(t166+t169-t173-t180),-(-mL.*t35.*t126.*(t49-t50+t52+t77+q3.*t16-pT2.*q1.*q2.*2.0)+Length.*m.*mL.*pT2.*t74.*t100.*t121+Length.*m.*mL.*pT1.*t74.*t116.*t121).*(t166+t169-t173-t180),-(-mL.*t35.*t126.*(t61+t64+t67-pT1.*q2.*q3.*2.0)+Length.*m.*mL.*t74.*t104.*t121+Length.*m.*mL.*t74.*t107.*t121).*(t166+t169-t173-t180)];
cGe1Gj = [mt1,mt2];
