function U2 = Us(in1,in2,in3,in4,in5)
%Us
%    U2 = Us(IN1,IN2,IN3,IN4,IN5)

%    This function was generated by the Symbolic Math Toolbox version 9.3.
%    2023/06/12 13:41:23

V1 = in3(:,1);
V2 = in4(1,:);
V3 = in4(2,:);
V4 = in4(3,:);
dV1 = in3(:,2);
ddV1 = in3(:,3);
ddXd3 = in2(:,11);
ddXd4 = in2(:,12);
dddXd3 = in2(:,15);
ddddXd1 = in2(:,17);
ddddXd2 = in2(:,18);
ddddXd3 = in2(:,19);
gravity = in5(:,9);
jx = in5(:,6);
jy = in5(:,7);
jz = in5(:,8);
o1 = in1(11,:);
o2 = in1(12,:);
o3 = in1(13,:);
q0 = in1(1,:);
q1 = in1(2,:);
q2 = in1(3,:);
q3 = in1(4,:);
t2 = dV1+dddXd3;
t3 = ddV1+ddddXd3;
t4 = q0.*q3;
t5 = q1.*q2;
t6 = q0.^2;
t7 = q1.^2;
t9 = q2.^2;
t11 = q3.^2;
t14 = q0.*q1.*2.0;
t15 = q0.*q2.*2.0;
t18 = q1.*q3.*2.0;
t19 = q2.*q3.*2.0;
t20 = V1+ddXd3+gravity;
t21 = jx.*o1.*o2;
t22 = jx.*o1.*o3;
t23 = jy.*o1.*o2;
t24 = jy.*o2.*o3;
t25 = jz.*o1.*o3;
t26 = jz.*o2.*o3;
t27 = 1.0./jx;
t28 = 1.0./jy;
t29 = 1.0./jz;
t46 = (o1.*q0)./2.0;
t47 = (o1.*q1)./2.0;
t48 = (o2.*q0)./2.0;
t49 = (o1.*q2)./2.0;
t50 = (o2.*q1)./2.0;
t51 = (o3.*q0)./2.0;
t52 = (o1.*q3)./2.0;
t53 = (o2.*q2)./2.0;
t54 = (o3.*q1)./2.0;
t55 = (o2.*q3)./2.0;
t56 = (o3.*q2)./2.0;
t57 = (o3.*q3)./2.0;
t8 = t6.^2;
t10 = t7.^2;
t12 = t9.^2;
t13 = t11.^2;
t16 = t4.*2.0;
t17 = t5.*2.0;
t30 = -t19;
t43 = -t7;
t44 = -t9;
t45 = -t11;
t58 = -t23;
t59 = -t25;
t60 = -t26;
t61 = -t49;
t62 = -t54;
t63 = -t55;
t64 = V1.*t6.*t7.*2.0;
t65 = V1.*t6.*t9.*2.0;
t68 = V1.*t7.*t11.*2.0;
t69 = V1.*t9.*t11.*2.0;
t70 = ddXd3.*t6.*t7.*2.0;
t71 = ddXd3.*t6.*t9.*2.0;
t74 = ddXd3.*t7.*t11.*2.0;
t75 = ddXd3.*t9.*t11.*2.0;
t76 = gravity.*t6.*t7.*2.0;
t77 = gravity.*t6.*t9.*2.0;
t80 = gravity.*t7.*t11.*2.0;
t81 = gravity.*t9.*t11.*2.0;
t82 = t15+t18;
t95 = t47+t53+t57;
t31 = V1.*t8;
t32 = V1.*t10;
t33 = V1.*t12;
t34 = V1.*t13;
t35 = ddXd3.*t8;
t36 = ddXd3.*t10;
t37 = ddXd3.*t12;
t38 = ddXd3.*t13;
t39 = gravity.*t8;
t40 = gravity.*t10;
t41 = gravity.*t12;
t42 = gravity.*t13;
t66 = V1.*t4.*t16;
t67 = V1.*t5.*t17;
t72 = ddXd3.*t4.*t16;
t73 = ddXd3.*t5.*t17;
t78 = gravity.*t4.*t16;
t79 = gravity.*t5.*t17;
t83 = t16+t17;
t84 = t14+t30;
t86 = t21+t58;
t87 = t22+t59;
t88 = t24+t60;
t96 = t6+t11+t43+t44;
t97 = t6+t7+t44+t45;
t98 = t50+t51+t61;
t99 = t48+t52+t62;
t100 = t46+t56+t63;
t85 = t83.^2;
t89 = q0.*t83.*4.0;
t90 = q1.*t83.*4.0;
t91 = q2.*t83.*4.0;
t92 = q3.*t83.*4.0;
t101 = t97.^2;
t102 = q0.*t97.*4.0;
t103 = q1.*t97.*4.0;
t104 = q2.*t97.*4.0;
t105 = q3.*t97.*4.0;
t106 = 1.0./t96;
t107 = 1.0./t97;
t412 = t31+t32+t33+t34+t35+t36+t37+t38+t39+t40+t41+t42+t64+t65+t66+t67+t68+t69+t70+t71+t72+t73+t74+t75+t76+t77+t78+t79+t80+t81;
t108 = t106.^2;
t109 = 1.0./t101;
t110 = t106.^3;
t111 = t107.^3;
t112 = t107.*2.0;
t128 = t20.*t106.*2.0;
t129 = q0.*t2.*t106.*2.0;
t130 = q1.*t2.*t106.*2.0;
t131 = q2.*t2.*t106.*2.0;
t132 = q3.*t2.*t106.*2.0;
t161 = t85+t101;
t166 = t3.*t82.*t106;
t167 = t92+t102;
t168 = t91+t103;
t171 = t3.*t84.*t106;
t413 = 1.0./t412;
t113 = q0.*t112;
t114 = q1.*t112;
t115 = q2.*t112;
t116 = q3.*t112;
t117 = q0.*q1.*t109.*4.0;
t118 = q0.*q2.*t109.*4.0;
t119 = q1.*q3.*t109.*4.0;
t120 = q2.*q3.*t109.*4.0;
t122 = t4.*t109.*8.0;
t123 = t5.*t109.*8.0;
t124 = t6.*t109.*4.0;
t125 = t7.*t109.*4.0;
t126 = t9.*t109.*4.0;
t127 = t11.*t109.*4.0;
t135 = q0.*t128;
t136 = q1.*t128;
t137 = q2.*t128;
t138 = q3.*t128;
t139 = -t130;
t140 = -t132;
t141 = q0.*q1.*t20.*t108.*4.0;
t142 = q0.*q2.*t20.*t108.*4.0;
t143 = t4.*t20.*t108.*4.0;
t144 = t5.*t20.*t108.*4.0;
t145 = q1.*q3.*t20.*t108.*4.0;
t146 = q2.*q3.*t20.*t108.*4.0;
t147 = t6.*t20.*t108.*4.0;
t148 = t7.*t20.*t108.*4.0;
t149 = t9.*t20.*t108.*4.0;
t150 = t11.*t20.*t108.*4.0;
t153 = q0.*q1.*t20.*t108.*8.0;
t154 = q0.*q2.*t20.*t108.*8.0;
t155 = q1.*q3.*t20.*t108.*8.0;
t156 = q2.*q3.*t20.*t108.*8.0;
t160 = t83.*t109.*2.0;
t169 = q0.*t83.*t109.*-2.0;
t170 = q1.*t83.*t109.*-2.0;
t174 = 1.0./t161;
t176 = q0.*q1.*t83.*t111.*8.0;
t177 = q0.*q2.*t83.*t111.*8.0;
t178 = t4.*t83.*t111.*8.0;
t179 = t5.*t83.*t111.*8.0;
t180 = q1.*q3.*t83.*t111.*8.0;
t181 = q2.*q3.*t83.*t111.*8.0;
t182 = -t166;
t183 = t20.*t82.*t108.*2.0;
t184 = q0.*t2.*t82.*t108.*2.0;
t185 = q1.*t2.*t82.*t108.*2.0;
t186 = q2.*t2.*t82.*t108.*2.0;
t187 = q3.*t2.*t82.*t108.*2.0;
t191 = t20.*t84.*t108.*2.0;
t192 = q0.*t2.*t84.*t108.*2.0;
t194 = q1.*t2.*t84.*t108.*2.0;
t195 = q2.*t2.*t84.*t108.*2.0;
t196 = q3.*t2.*t84.*t108.*2.0;
t206 = q0.*t20.*t82.*t108.*-2.0;
t210 = q3.*t20.*t82.*t108.*-2.0;
t211 = q0.*q1.*t20.*t82.*t110.*8.0;
t212 = q0.*q2.*t20.*t82.*t110.*8.0;
t213 = t4.*t20.*t82.*t110.*8.0;
t214 = t5.*t20.*t82.*t110.*8.0;
t215 = q1.*q3.*t20.*t82.*t110.*8.0;
t216 = q2.*q3.*t20.*t82.*t110.*8.0;
t217 = q0.*t20.*t84.*t108.*-2.0;
t218 = q2.*t20.*t84.*t108.*-2.0;
t219 = t6.*t20.*t82.*t110.*8.0;
t220 = t7.*t20.*t82.*t110.*8.0;
t221 = t9.*t20.*t82.*t110.*8.0;
t222 = t11.*t20.*t82.*t110.*8.0;
t223 = q0.*q1.*t20.*t84.*t110.*8.0;
t224 = q0.*q2.*t20.*t84.*t110.*8.0;
t226 = t4.*t20.*t84.*t110.*8.0;
t228 = t5.*t20.*t84.*t110.*8.0;
t229 = q1.*q3.*t20.*t84.*t110.*8.0;
t231 = q2.*q3.*t20.*t84.*t110.*8.0;
t232 = t6.*t20.*t84.*t110.*8.0;
t234 = t7.*t20.*t84.*t110.*8.0;
t235 = t9.*t20.*t84.*t110.*8.0;
t236 = t11.*t20.*t84.*t110.*8.0;
t121 = -t120;
t133 = -t124;
t134 = -t125;
t151 = -t144;
t152 = -t145;
t157 = -t147;
t158 = -t150;
t159 = -t156;
t164 = q2.*t160;
t165 = q3.*t160;
t175 = t174.^2;
t188 = -t176;
t189 = -t178;
t190 = -t179;
t193 = -t184;
t197 = -t187;
t199 = q1.*t183;
t200 = q2.*t183;
t202 = -t191;
t203 = -t192;
t204 = -t195;
t207 = q1.*t191;
t209 = q3.*t191;
t225 = -t212;
t227 = -t213;
t230 = -t215;
t233 = -t219;
t237 = -t222;
t238 = -t223;
t239 = -t224;
t240 = -t232;
t243 = t115+t170;
t244 = t116+t169;
t245 = t129+t186;
t246 = t132+t185;
t247 = t129+t194;
t250 = t131+t196;
t256 = t137+t206;
t257 = t136+t210;
t259 = t136+t217;
t260 = t138+t218;
t339 = t118+t119+t181;
t347 = t141+t146+t214;
t350 = t143+t144+t229;
t355 = t154+t183+t221;
t356 = t155+t183+t220;
t359 = t153+t191+t234;
t241 = t113+t165;
t242 = t114+t164;
t248 = t131+t193;
t249 = t130+t197;
t251 = t135+t200;
t252 = t138+t199;
t253 = t130+t203;
t254 = t132+t204;
t255 = t135+t207;
t258 = t137+t209;
t275 = (o1.*t256)./2.0;
t277 = (o2.*t256)./2.0;
t279 = (o1.*t257)./2.0;
t281 = (o3.*t256)./2.0;
t283 = (o2.*t257)./2.0;
t285 = (o3.*t257)./2.0;
t288 = (q1.*t256)./2.0;
t290 = (q0.*t257)./2.0;
t292 = (q2.*t256)./2.0;
t295 = (q1.*t257)./2.0;
t297 = (q3.*t256)./2.0;
t299 = (q2.*t257)./2.0;
t303 = (o1.*t259)./2.0;
t305 = (o2.*t259)./2.0;
t307 = (o3.*t259)./2.0;
t309 = (o1.*t260)./2.0;
t311 = (o2.*t260)./2.0;
t313 = (o3.*t260)./2.0;
t314 = (q1.*t259)./2.0;
t315 = (q2.*t259)./2.0;
t318 = (q3.*t259)./2.0;
t320 = (q0.*t260)./2.0;
t321 = (q1.*t260)./2.0;
t322 = (q3.*t260)./2.0;
t329 = t99.*t245;
t331 = t100.*t246;
t332 = t100.*t247;
t335 = t98.*t250;
t343 = t118+t119+t188;
t344 = t117+t121+t177;
t345 = t117+t121+t180;
t348 = t143+t151+t211;
t349 = t141+t146+t227;
t351 = t143+t151+t216;
t352 = t143+t144+t239;
t353 = t142+t152+t226;
t354 = t142+t152+t228;
t357 = t154+t183+t233;
t358 = t155+t183+t237;
t360 = t153+t191+t240;
t361 = t159+t191+t235;
t362 = t156+t202+t236;
t363 = t112+t127+t133+t189;
t364 = t112+t126+t134+t190;
t365 = t99.*t347;
t367 = t100.*t347;
t371 = t98.*t350;
t375 = t100.*t350;
t387 = t99.*t355;
t389 = t100.*t356;
t391 = t100.*t359;
t393 = t128+t149+t157+t225;
t394 = t128+t148+t158+t230;
t395 = t128+t149+t158+t231;
t398 = t128+t148+t157+t238;
t261 = (o1.*t251)./2.0;
t262 = (o2.*t251)./2.0;
t263 = (o1.*t252)./2.0;
t264 = (o3.*t251)./2.0;
t265 = (o2.*t252)./2.0;
t266 = (o3.*t252)./2.0;
t267 = (q0.*t251)./2.0;
t268 = (q1.*t251)./2.0;
t269 = (q0.*t252)./2.0;
t270 = (q3.*t251)./2.0;
t271 = (q2.*t252)./2.0;
t272 = (q3.*t252)./2.0;
t273 = (o1.*t255)./2.0;
t276 = (o2.*t255)./2.0;
t278 = (o3.*t255)./2.0;
t282 = (o1.*t258)./2.0;
t284 = (o2.*t258)./2.0;
t286 = (o3.*t258)./2.0;
t287 = (q0.*t255)./2.0;
t289 = (q2.*t255)./2.0;
t293 = (q3.*t255)./2.0;
t294 = (q0.*t258)./2.0;
t298 = (q1.*t258)./2.0;
t301 = (q2.*t258)./2.0;
t304 = -t275;
t306 = -t277;
t308 = -t279;
t316 = -t290;
