function out1 = CSLC_3_R0TFdMd(in1,in2,in3,in4,in5,in6)
%CSLC_3_R0TFdMd
%    OUT1 = CSLC_3_R0TFdMd(IN1,IN2,IN3,IN4,IN5,IN6)

%    This function was generated by the Symbolic Math Toolbox version 9.3.
%    2023/07/03 11:19:26

%[R0'*Fd;Md] for (26)
Gains1 = in6(1,:);
Gains2 = in6(2,:);
Gains3 = in6(3,:);
Gains4 = in6(4,:);
R01_1 = in3(1);
R01_2 = in3(4);
R01_3 = in3(7);
R02_1 = in3(2);
R02_2 = in3(5);
R02_3 = in3(8);
R03_1 = in3(3);
R03_2 = in3(6);
R03_3 = in3(9);
R0d1_1 = in4(1);
R0d1_2 = in4(2);
R0d1_3 = in4(3);
R0d2_1 = in4(4);
R0d2_2 = in4(5);
R0d2_3 = in4(6);
R0d3_1 = in4(7);
R0d3_2 = in4(8);
R0d3_3 = in4(9);
X1 = in1(1,:);
X2 = in1(2,:);
X3 = in1(3,:);
X4 = in1(4,:);
X5 = in1(5,:);
X6 = in1(6,:);
X7 = in1(7,:);
X8 = in1(8,:);
X9 = in1(9,:);
Xd1 = in2(1,:);
Xd2 = in2(2,:);
Xd3 = in2(3,:);
Xd4 = in2(4,:);
Xd5 = in2(5,:);
Xd6 = in2(6,:);
Xd7 = in2(7,:);
Xd8 = in2(8,:);
Xd9 = in2(9,:);
Xd13 = in2(13,:);
Xd14 = in2(14,:);
Xd15 = in2(15,:);
Xd16 = in2(16,:);
Xd17 = in2(17,:);
Xd18 = in2(18,:);
g = in5(:,1);
j01 = in5(:,3);
j02 = in5(:,4);
j03 = in5(:,5);
m0 = in5(:,2);
t2 = R01_1.*R0d1_1;
t3 = R01_2.*R0d1_1;
t4 = R01_3.*R0d1_1;
t5 = R01_1.*R0d2_1;
t6 = R01_2.*R0d2_1;
t7 = R02_1.*R0d1_2;
t8 = R01_3.*R0d2_1;
t9 = R02_2.*R0d1_2;
t10 = R02_3.*R0d1_2;
t11 = R01_1.*R0d3_1;
t12 = R01_2.*R0d3_1;
t13 = R02_1.*R0d2_2;
t14 = R01_3.*R0d3_1;
t15 = R02_2.*R0d2_2;
t16 = R03_1.*R0d1_3;
t17 = R02_3.*R0d2_2;
t18 = R03_2.*R0d1_3;
t19 = R03_3.*R0d1_3;
t20 = R02_1.*R0d3_2;
t21 = R02_2.*R0d3_2;
t22 = R03_1.*R0d2_3;
t23 = R02_3.*R0d3_2;
t24 = R03_2.*R0d2_3;
t25 = R03_3.*R0d2_3;
t26 = R03_1.*R0d3_3;
t27 = R03_2.*R0d3_3;
t28 = R03_3.*R0d3_3;
t29 = -Xd1;
t30 = -Xd2;
t31 = -Xd3;
t32 = -Xd4;
t33 = -Xd5;
t34 = -Xd6;
t35 = -Xd7;
t36 = -Xd8;
t37 = X1+t29;
t38 = X2+t30;
t39 = X3+t31;
t40 = X4+t32;
t41 = X5+t33;
t42 = X6+t34;
t51 = t2+t7+t16;
t52 = t3+t9+t18;
t53 = t4+t10+t19;
t54 = t5+t13+t22;
t55 = t6+t15+t24;
t56 = t8+t17+t25;
t57 = t11+t20+t26;
t58 = t12+t21+t27;
t59 = t14+t23+t28;
t43 = Gains1.*t37;
t44 = Gains1.*t38;
t45 = Gains1.*t39;
t46 = Gains3.*t40;
t47 = Gains3.*t41;
t48 = Gains3.*t42;
t60 = Xd13.*t51;
t61 = Xd13.*t52;
t62 = Xd13.*t53;
t63 = Xd14.*t54;
t64 = Xd14.*t55;
t65 = Xd14.*t56;
t66 = Xd15.*t57;
t67 = Xd15.*t58;
t68 = Xd15.*t59;
t49 = -t45;
t50 = -t48;
t69 = t35+t43+t46;
t70 = t36+t44+t47;
t72 = t60+t63+t66;
t73 = t61+t64+t67;
t74 = t62+t65+t68;
t71 = Xd9+g+t49+t50;
mt1 = [-R01_1.*m0.*t69-R02_1.*m0.*t70+R03_1.*m0.*t71;R01_2.*m0.*t69+R02_2.*m0.*t70-R03_2.*m0.*t71;R01_3.*m0.*t69+R02_3.*m0.*t70-R03_3.*m0.*t71;-Gains4.*(X7-t72)-Xd13.*(j02.*t52.*t74-j03.*t53.*t73)-Xd14.*(j02.*t55.*t74-j03.*t56.*t73)-Xd15.*(j02.*t58.*t74-j03.*t59.*t73)+Gains2.*(t8./2.0-t12./2.0+t17./2.0-t21./2.0+t25./2.0-t27./2.0)+Xd16.*j01.*t51+Xd17.*j01.*t54+Xd18.*j01.*t57];
mt2 = [Gains4.*(X8-t73)-Xd13.*(j01.*t51.*t74-j03.*t53.*t72)-Xd14.*(j01.*t54.*t74-j03.*t56.*t72)-Xd15.*(j01.*t57.*t74-j03.*t59.*t72)+Gains2.*(t4./2.0+t10./2.0-t11./2.0+t19./2.0-t20./2.0-t26./2.0)-Xd16.*j02.*t52-Xd17.*j02.*t55-Xd18.*j02.*t58];
mt3 = [Gains4.*(X9-t74)+Xd13.*(j01.*t51.*t73-j02.*t52.*t72)+Xd14.*(j01.*t54.*t73-j02.*t55.*t72)+Xd15.*(j01.*t57.*t73-j02.*t58.*t72)-Gains2.*(t3./2.0-t5./2.0+t9./2.0-t13./2.0+t18./2.0-t22./2.0)-Xd16.*j03.*t53-Xd17.*j03.*t56-Xd18.*j03.*t59];
out1 = [mt1;mt2;mt3];
end
