function out1 = CSLC_3_R0TFdMd(in1,in2,in3,in4,in5,in6)
%CSLC_3_R0TFdMd
%    OUT1 = CSLC_3_R0TFdMd(IN1,IN2,IN3,IN4,IN5,IN6)

%    This function was generated by the Symbolic Math Toolbox version 9.3.
%    2023/07/03 22:45:03

%[R0'*Fd;Md] for (26)
R01_1 = in3(1);
R01_2 = in3(4);
R01_3 = in3(7);
R02_1 = in3(2);
R02_2 = in3(5);
R02_3 = in3(8);
R03_1 = in3(3);
R03_2 = in3(6);
R03_3 = in3(9);
R0d1_1 = in4(1);
R0d1_2 = in4(4);
R0d1_3 = in4(7);
R0d2_1 = in4(2);
R0d2_2 = in4(5);
R0d2_3 = in4(8);
R0d3_1 = in4(3);
R0d3_2 = in4(6);
R0d3_3 = in4(9);
ddx0d1 = in2(7,:);
ddx0d2 = in2(8,:);
ddx0d3 = in2(9,:);
do0d1 = in2(16,:);
do0d2 = in2(17,:);
do0d3 = in2(18,:);
dx01 = in1(8,:);
dx02 = in1(9,:);
dx03 = in1(10,:);
dx0d1 = in2(4,:);
dx0d2 = in2(5,:);
dx0d3 = in2(6,:);
g = in5(:,1);
j01 = in5(:,3);
j02 = in5(:,4);
j03 = in5(:,5);
kdx0 = in6(:,3);
ko0 = in6(:,4);
kr0 = in6(:,2);
kx0 = in6(:,1);
m0 = in5(:,2);
o01 = in1(11,:);
o02 = in1(12,:);
o03 = in1(13,:);
o0d1 = in2(13,:);
o0d2 = in2(14,:);
o0d3 = in2(15,:);
x01 = in1(1,:);
x02 = in1(2,:);
x03 = in1(3,:);
x0d1 = in2(1,:);
x0d2 = in2(2,:);
x0d3 = in2(3,:);
t2 = R01_1.*R0d1_1;
t3 = R01_1.*R0d1_2;
t4 = R01_2.*R0d1_1;
t5 = R01_1.*R0d1_3;
t6 = R01_2.*R0d1_2;
t7 = R01_3.*R0d1_1;
t8 = R01_2.*R0d1_3;
t9 = R01_3.*R0d1_2;
t10 = R01_3.*R0d1_3;
t11 = R02_1.*R0d2_1;
t12 = R02_1.*R0d2_2;
t13 = R02_2.*R0d2_1;
t14 = R02_1.*R0d2_3;
t15 = R02_2.*R0d2_2;
t16 = R02_3.*R0d2_1;
t17 = R02_2.*R0d2_3;
t18 = R02_3.*R0d2_2;
t19 = R02_3.*R0d2_3;
t20 = R03_1.*R0d3_1;
t21 = R03_1.*R0d3_2;
t22 = R03_2.*R0d3_1;
t23 = R03_1.*R0d3_3;
t24 = R03_2.*R0d3_2;
t25 = R03_3.*R0d3_1;
t26 = R03_2.*R0d3_3;
t27 = R03_3.*R0d3_2;
t28 = R03_3.*R0d3_3;
t29 = -ddx0d1;
t30 = -ddx0d2;
t31 = -ddx0d3;
t32 = -dx0d1;
t33 = -dx0d2;
t34 = -dx0d3;
t35 = -x0d1;
t36 = -x0d2;
t37 = -x0d3;
t38 = dx01+t32;
t39 = dx02+t33;
t40 = dx03+t34;
t41 = t35+x01;
t42 = t36+x02;
t43 = t37+x03;
t50 = t2+t11+t20;
t51 = t3+t12+t21;
t52 = t4+t13+t22;
t53 = t5+t14+t23;
t54 = t6+t15+t24;
t55 = t7+t16+t25;
t56 = t8+t17+t26;
t57 = t9+t18+t27;
t58 = t10+t19+t28;
t44 = kdx0.*t38;
t45 = kdx0.*t39;
t46 = kdx0.*t40;
t47 = kx0.*t41;
t48 = kx0.*t42;
t49 = kx0.*t43;
t59 = o0d1.*t50;
t60 = o0d1.*t52;
t61 = o0d2.*t51;
t62 = o0d1.*t55;
t63 = o0d2.*t54;
t64 = o0d3.*t53;
t65 = o0d2.*t57;
t66 = o0d3.*t56;
t67 = o0d3.*t58;
t68 = t29+t44+t47;
t69 = t30+t45+t48;
t70 = g+t31+t46+t49;
t71 = t59+t61+t64;
t72 = t60+t63+t66;
t73 = t62+t65+t67;
mt1 = [-R01_1.*m0.*t68-R02_1.*m0.*t69-R03_1.*m0.*t70;-R01_2.*m0.*t68-R02_2.*m0.*t69-R03_2.*m0.*t70;-R01_3.*m0.*t68-R02_3.*m0.*t69-R03_3.*m0.*t70;-kr0.*(t8./2.0-t9./2.0+t17./2.0-t18./2.0+t26./2.0-t27./2.0)-ko0.*(o01-t71)-o0d1.*(j02.*t52.*t73-j03.*t55.*t72)-o0d2.*(j02.*t54.*t73-j03.*t57.*t72)-o0d3.*(j02.*t56.*t73-j03.*t58.*t72)+do0d1.*j01.*t50+do0d2.*j01.*t51+do0d3.*j01.*t53];
mt2 = [kr0.*(t5./2.0-t7./2.0+t14./2.0-t16./2.0+t23./2.0-t25./2.0)-ko0.*(o02-t72)+o0d1.*(j01.*t50.*t73-j03.*t55.*t71)+o0d2.*(j01.*t51.*t73-j03.*t57.*t71)+o0d3.*(j01.*t53.*t73-j03.*t58.*t71)+do0d1.*j02.*t52+do0d2.*j02.*t54+do0d3.*j02.*t56];
mt3 = [-kr0.*(t3./2.0-t4./2.0+t12./2.0-t13./2.0+t21./2.0-t22./2.0)-ko0.*(o03-t73)-o0d1.*(j01.*t50.*t72-j02.*t52.*t71)-o0d2.*(j01.*t51.*t72-j02.*t54.*t71)-o0d3.*(j01.*t53.*t72-j02.*t56.*t71)+do0d1.*j03.*t55+do0d2.*j03.*t57+do0d3.*j03.*t58];
out1 = [mt1;mt2;mt3];
end
