function out1 = CSLC_5_R0TFdMd(in1,in2,in3,in4,in5,in6)
%CSLC_5_R0TFdMd
%    OUT1 = CSLC_5_R0TFdMd(IN1,IN2,IN3,IN4,IN5,IN6)

%    This function was generated by the Symbolic Math Toolbox version 9.3.
%    2023/07/03 10:16:07

%[R0'*Fd;Md] for (26)
Gains1 = in6(1,:);
Gains2 = in6(2,:);
Gains3 = in6(3,:);
Gains4 = in6(4,:);
R01_1 = in3(1);
R01_2 = in3(2);
R01_3 = in3(3);
R02_1 = in3(4);
R02_2 = in3(5);
R02_3 = in3(6);
R03_1 = in3(7);
R03_2 = in3(8);
R03_3 = in3(9);
R0d1_1 = in4(1);
R0d1_2 = in4(2);
R0d1_3 = in4(3);
R0d2_1 = in4(4);
R0d2_2 = in4(5);
R0d2_3 = in4(6);
R0d3_1 = in4(7);
R0d3_2 = in4(8);
R0d3_3 = in4(9);
X1 = in1(1,:);
X2 = in1(2,:);
X3 = in1(3,:);
X4 = in1(4,:);
X5 = in1(5,:);
X6 = in1(6,:);
X7 = in1(7,:);
X8 = in1(8,:);
X9 = in1(9,:);
Xd1 = in2(1,:);
Xd2 = in2(2,:);
Xd3 = in2(3,:);
Xd4 = in2(4,:);
Xd5 = in2(5,:);
Xd6 = in2(6,:);
Xd7 = in2(7,:);
Xd8 = in2(8,:);
Xd9 = in2(9,:);
Xd13 = in2(13,:);
Xd14 = in2(14,:);
Xd15 = in2(15,:);
Xd16 = in2(16,:);
Xd17 = in2(17,:);
Xd18 = in2(18,:);
g = in5(:,1);
j01 = in5(:,3);
j02 = in5(:,4);
j03 = in5(:,5);
m0 = in5(:,2);
t2 = R01_1.*R0d1_1;
t3 = R01_2.*R0d1_2;
t4 = R01_3.*R0d1_3;
t5 = R01_1.*R0d2_1;
t6 = R02_1.*R0d1_1;
t7 = R01_2.*R0d2_2;
t8 = R02_2.*R0d1_2;
t9 = R01_3.*R0d2_3;
t10 = R02_3.*R0d1_3;
t11 = R01_1.*R0d3_1;
t12 = R02_1.*R0d2_1;
t13 = R03_1.*R0d1_1;
t14 = R01_2.*R0d3_2;
t15 = R02_2.*R0d2_2;
t16 = R03_2.*R0d1_2;
t17 = R01_3.*R0d3_3;
t18 = R02_3.*R0d2_3;
t19 = R03_3.*R0d1_3;
t20 = R02_1.*R0d3_1;
t21 = R03_1.*R0d2_1;
t22 = R02_2.*R0d3_2;
t23 = R03_2.*R0d2_2;
t24 = R02_3.*R0d3_3;
t25 = R03_3.*R0d2_3;
t26 = R03_1.*R0d3_1;
t27 = R03_2.*R0d3_2;
t28 = R03_3.*R0d3_3;
t29 = -Xd1;
t30 = -Xd2;
t31 = -Xd3;
t32 = -Xd4;
t33 = -Xd5;
t34 = -Xd6;
t35 = -Xd7;
t36 = -Xd8;
t37 = X1+t29;
t38 = X2+t30;
t39 = X3+t31;
t40 = X4+t32;
t41 = X5+t33;
t42 = X6+t34;
t51 = t2+t3+t4;
t52 = t5+t7+t9;
t53 = t6+t8+t10;
t54 = t11+t14+t17;
t55 = t12+t15+t18;
t56 = t13+t16+t19;
t57 = t20+t22+t24;
t58 = t21+t23+t25;
t59 = t26+t27+t28;
t43 = Gains1.*t37;
t44 = Gains1.*t38;
t45 = Gains1.*t39;
t46 = Gains3.*t40;
t47 = Gains3.*t41;
t48 = Gains3.*t42;
t60 = Xd13.*t51;
t61 = Xd13.*t53;
t62 = Xd14.*t52;
t63 = Xd13.*t56;
t64 = Xd14.*t55;
t65 = Xd15.*t54;
t66 = Xd14.*t58;
t67 = Xd15.*t57;
t68 = Xd15.*t59;
t49 = -t45;
t50 = -t48;
t69 = -t60;
t70 = -t61;
t71 = -t63;
t72 = t35+t43+t46;
t73 = t36+t44+t47;
t74 = Xd9+g+t49+t50;
t75 = t62+t65+t69;
t76 = t64+t67+t70;
t77 = t66+t68+t71;
mt1 = [-R01_1.*m0.*t72+R01_2.*m0.*t73-R01_3.*m0.*t74;-R02_1.*m0.*t72+R02_2.*m0.*t73-R02_3.*m0.*t74;-R03_1.*m0.*t72+R03_2.*m0.*t73-R03_3.*m0.*t74;Xd13.*(j02.*t53.*t77-j03.*t56.*t76)-Xd14.*(j02.*t55.*t77-j03.*t58.*t76)-Xd15.*(j02.*t57.*t77-j03.*t59.*t76)-Gains4.*(X7+t75)-Gains2.*(t20./2.0-t21./2.0+t22./2.0-t23./2.0+t24./2.0-t25./2.0)+Xd16.*j01.*t51-Xd17.*j01.*t52-Xd18.*j01.*t54];
mt2 = [Gains4.*(X8+t61-t64-t67)-Xd13.*(j01.*t51.*t77-j03.*t56.*t75)+Xd14.*(j01.*t52.*t77-j03.*t58.*t75)+Xd15.*(j01.*t54.*t77-j03.*t59.*t75)+Gains2.*(t11./2.0-t13./2.0+t14./2.0-t16./2.0+t17./2.0-t19./2.0)+Xd16.*j02.*t53-Xd17.*j02.*t55-Xd18.*j02.*t57];
mt3 = [Gains4.*(X9+t63-t66-t68)+Xd13.*(j01.*t51.*t76-j02.*t53.*t75)-Xd14.*(j01.*t52.*t76-j02.*t55.*t75)-Xd15.*(j01.*t54.*t76-j02.*t57.*t75)-Gains2.*(t5./2.0-t6./2.0+t7./2.0-t8./2.0+t9./2.0-t10./2.0)+Xd16.*j03.*t56-Xd17.*j03.*t58-Xd18.*j03.*t59];
out1 = [mt1;mt2;mt3];
end
