function out1 = Cf1known(in1,in2,y,in4,in5,in6)
%Cf1known
%    OUT1 = Cf1known(IN1,IN2,Y,IN4,IN5,IN6)

%    This function was generated by the Symbolic Math Toolbox version 9.3.
%    2023/07/12 14:52:01

Rn1_1 = in4(1);
Rn2_1 = in4(2);
Rn3_1 = in4(3);
Rs11 = in6(1,:);
Rs12 = in6(2,:);
Rs13 = in6(3,:);
p1 = in1(1,:);
p2 = in1(2,:);
p3 = in1(3,:);
psb1 = in5(1,:);
psb2 = in5(2,:);
psb3 = in5(3,:);
qb1 = in2(1,:);
qb2 = in2(2,:);
qb3 = in2(3,:);
qb4 = in2(4,:);
t2 = qb1.*qb2;
t3 = qb1.*qb3;
t4 = qb1.*qb4;
t5 = qb2.*qb3;
t6 = qb2.*qb4;
t7 = qb3.*qb4;
t8 = qb1.^2;
t9 = qb2.^2;
t10 = qb3.^2;
t11 = qb4.^2;
t12 = t2.*2.0;
t13 = t3.*2.0;
t14 = t4.*2.0;
t15 = t5.*2.0;
t16 = t6.*2.0;
t17 = t7.*2.0;
t18 = -t5;
t20 = -t6;
t22 = -t7;
t24 = -t9;
t25 = -t10;
t26 = -t11;
t27 = t2+t7;
t28 = t3+t6;
t29 = t4+t5;
t19 = -t15;
t21 = -t16;
t23 = -t17;
t30 = t2+t22;
t31 = t3+t20;
t32 = t4+t18;
t33 = t12+t17;
t34 = t13+t16;
t35 = t14+t15;
t39 = t8+t11+t24+t25;
t40 = t8+t10+t24+t26;
t41 = t8+t9+t25+t26;
t36 = t12+t23;
t37 = t13+t21;
t38 = t14+t19;
out1 = [p1+psb3.*t34-psb2.*t38+psb1.*t41+Rn1_1.*y.*(Rs13.*t34-Rs12.*t38+Rs11.*t41);p2+psb1.*t35-psb3.*t36+psb2.*t40+Rn1_1.*y.*(Rs11.*t35-Rs13.*t36+Rs12.*t40);p3+psb2.*t33-psb1.*t37+psb3.*t39+Rn1_1.*y.*(Rs12.*t33-Rs11.*t37+Rs13.*t39);Rn2_1.*t41.*y;Rn2_1.*t32.*y.*-2.0;Rn2_1.*t28.*y.*2.0;Rn3_1.*t41.*y;Rn3_1.*t32.*y.*-2.0;Rn3_1.*t28.*y.*2.0;Rn2_1.*t29.*y.*2.0;Rn2_1.*t40.*y;Rn2_1.*t30.*y.*-2.0;Rn3_1.*t29.*y.*2.0;Rn3_1.*t40.*y;Rn3_1.*t30.*y.*-2.0;Rn2_1.*t31.*y.*-2.0;Rn2_1.*t27.*y.*2.0;Rn2_1.*t39.*y;Rn3_1.*t31.*y.*-2.0;Rn3_1.*t27.*y.*2.0;Rn3_1.*t39.*y];
end
