function dxg = G(in1,in2)
%G
%    DXG = G(IN1,IN2)

%    This function was generated by the Symbolic Math Toolbox version 9.3.
%    2023/06/12 11:41:10

jx = in2(:,6);
jy = in2(:,7);
jz = in2(:,8);
m = in2(:,1);
q0 = in1(1,:);
q1 = in1(2,:);
q2 = in1(3,:);
q3 = in1(4,:);
t2 = 1.0./m;
dxg = reshape([0.0,0.0,0.0,0.0,0.0,0.0,0.0,t2.*(q0.*q2.*2.0+q1.*q3.*2.0),-t2.*(q0.*q1.*2.0-q2.*q3.*2.0),t2.*(q0.^2-q1.^2-q2.^2+q3.^2),0.0,0.0,0.0,0.0,0.0,0.0,0.0,0.0,0.0,0.0,0.0,0.0,0.0,1.0./jx,0.0,0.0,0.0,0.0,0.0,0.0,0.0,0.0,0.0,0.0,0.0,0.0,0.0,1.0./jy,0.0,0.0,0.0,0.0,0.0,0.0,0.0,0.0,0.0,0.0,0.0,0.0,0.0,1.0./jz],[13,4]);
end
