function dxg = GL(in1,in2)
%GL
%    DXG = GL(IN1,IN2)

%    This function was generated by the Symbolic Math Toolbox version 8.6.
%    09-May-2022 14:33:43

Length = in2(:,16);
ex = in2(:,17);
ey = in2(:,18);
ez = in2(:,19);
jx = in2(:,3);
jy = in2(:,4);
jz = in2(:,5);
m = in2(:,1);
mL = in2(:,15);
ol1 = in1(17,:);
ol2 = in1(18,:);
ol3 = in1(19,:);
pT1 = in1(14,:);
pT2 = in1(15,:);
pT3 = in1(16,:);
q0 = in1(1,:);
q1 = in1(2,:);
q2 = in1(3,:);
q3 = in1(4,:);
t2 = m+mL;
t3 = ol1.*pT2;
t4 = ol2.*pT1;
t5 = ol1.*pT3;
t6 = ol3.*pT1;
t7 = ol2.*pT3;
t8 = ol3.*pT2;
t9 = q0.^2;
t10 = q1.^2;
t11 = q2.^2;
t12 = q3.^2;
t13 = q0.*q1.*2.0;
t14 = q0.*q2.*2.0;
t15 = q0.*q3.*2.0;
t16 = q1.*q2.*2.0;
t17 = q1.*q3.*2.0;
t18 = q2.*q3.*2.0;
t19 = 1.0./Length;
t20 = 1.0./jx;
t21 = 1.0./jy;
t22 = 1.0./jz;
t23 = 1.0./m;
t24 = -t4;
t25 = -t6;
t26 = -t8;
t27 = -t16;
t28 = -t17;
t29 = -t18;
t30 = -t10;
t31 = -t11;
t32 = -t12;
t33 = 1.0./t2;
t37 = t13+t18;
t38 = t14+t17;
t39 = t15+t16;
t34 = t3+t24;
t35 = t5+t25;
t36 = t7+t26;
t40 = t13+t29;
t41 = t14+t28;
t42 = t15+t27;
t46 = ex.*t39;
t47 = ey.*t37;
t48 = ez.*t38;
t49 = pT1.*t38;
t56 = t9+t12+t30+t31;
t57 = t9+t11+t30+t32;
t58 = t9+t10+t31+t32;
t43 = t34.^2;
t44 = t35.^2;
t45 = t36.^2;
t50 = ex.*t41;
t51 = ey.*t42;
t52 = ez.*t40;
t53 = pT2.*t40;
t54 = -t47;
t59 = ex.*t58;
t60 = ey.*t57;
t61 = ez.*t56;
t62 = pT3.*t56;
t55 = -t53;
t63 = -t59;
t64 = t43+t44+t45;
t67 = t46+t52+t60;
t68 = t50+t54+t61;
t65 = Length.*m.*t64;
t69 = t48+t51+t63;
t66 = -t65;
t70 = t49+t55+t62+t66;
dxg = reshape([0.0,0.0,0.0,0.0,-t20.*(mL.*pT2.*t33.*t65.*t68+mL.*pT3.*t33.*t65.*t67)-t20.*(mL.*pT2.*t33.*t68.*t70+mL.*pT3.*t33.*t67.*t70),-t21.*(mL.*pT1.*t33.*t66.*t68+mL.*pT3.*t33.*t65.*t69)+t21.*(mL.*pT1.*t33.*t68.*t70-mL.*pT3.*t33.*t69.*t70),t22.*(mL.*pT1.*t33.*t65.*t67+mL.*pT2.*t33.*t65.*t69)+t22.*(mL.*pT1.*t33.*t67.*t70+mL.*pT2.*t33.*t69.*t70),0.0,0.0,0.0,pT1.*t33.*t65+pT1.*t33.*t70,pT2.*t33.*t65+pT2.*t33.*t70,pT3.*t33.*t65+pT3.*t33.*t70,0.0,0.0,0.0,-t19.*t23.*(pT3.*t40+pT2.*t56),-t19.*t23.*(pT3.*t38-pT1.*t56),t19.*t23.*(pT2.*t38+pT1.*t40),0.0,0.0,0.0,0.0,t20,0.0,0.0,0.0,0.0,0.0,0.0,0.0,0.0,0.0,0.0,0.0,0.0,0.0,0.0,0.0,0.0,0.0,0.0,0.0,t21,0.0,0.0,0.0,0.0,0.0,0.0,0.0,0.0,0.0,0.0,0.0,0.0,0.0,0.0,0.0,0.0,0.0,0.0,0.0,t22,0.0,0.0,0.0,0.0,0.0,0.0,0.0,0.0,0.0,0.0,0.0,0.0],[19,4]);
