function dxg = GL_extend(in1,in2)
%GL_EXTEND
%    DXG = GL_EXTEND(IN1,IN2)

%    This function was generated by the Symbolic Math Toolbox version 8.6.
%    27-Jan-2021 20:44:56

Length = in2(:,16);
b = in2(:,17);
jx = in2(:,3);
jy = in2(:,4);
jz = in2(:,5);
m = in2(:,1);
mL = in2(:,15);
ol1 = in1(17,:);
ol2 = in1(18,:);
ol3 = in1(19,:);
pT1 = in1(14,:);
pT2 = in1(15,:);
pT3 = in1(16,:);
q0 = in1(1,:);
q1 = in1(2,:);
q2 = in1(3,:);
q3 = in1(4,:);
t2 = m+mL;
t3 = ol1.*pT2;
t4 = ol2.*pT1;
t5 = ol1.*pT3;
t6 = ol3.*pT1;
t7 = ol2.*pT3;
t8 = ol3.*pT2;
t9 = q0.^2;
t10 = q1.^2;
t11 = q2.^2;
t12 = q3.^2;
t13 = q0.*q1.*2.0;
t14 = q0.*q2.*2.0;
t15 = q1.*q3.*2.0;
t16 = q2.*q3.*2.0;
t17 = 1.0./Length;
t18 = 1.0./jx;
t19 = 1.0./jy;
t20 = 1.0./jz;
t21 = 1.0./m;
t22 = -t4;
t23 = -t6;
t24 = -t8;
t25 = -t16;
t26 = -t10;
t27 = -t11;
t28 = 1.0./t2;
t32 = t14+t15;
t29 = t3+t22;
t30 = t5+t23;
t31 = t7+t24;
t33 = t13+t25;
t37 = pT1.*t32;
t40 = t9+t12+t26+t27;
t34 = t29.^2;
t35 = t30.^2;
t36 = t31.^2;
t38 = pT2.*t33;
t41 = pT3.*t40;
t39 = -t38;
t42 = t34+t35+t36;
t43 = Length.*m.*t42;
t44 = -t43;
t45 = t37+t39+t41+t44;
dxg = reshape([0.0,0.0,0.0,0.0,-t18.*(b.*mL.*pT3.*t28.*t33.*t43+b.*mL.*pT2.*t28.*t40.*t43)-t18.*(b.*mL.*pT3.*t28.*t33.*t45+b.*mL.*pT2.*t28.*t40.*t45),-t19.*(b.*mL.*pT3.*t28.*t32.*t43+b.*mL.*pT1.*t28.*t40.*t44)-t19.*(b.*mL.*pT3.*t28.*t32.*t45-b.*mL.*pT1.*t28.*t40.*t45),t20.*(b.*mL.*pT1.*t28.*t33.*t43+b.*mL.*pT2.*t28.*t32.*t43)+t20.*(b.*mL.*pT1.*t28.*t33.*t45+b.*mL.*pT2.*t28.*t32.*t45),0.0,0.0,0.0,pT1.*t28.*t43+pT1.*t28.*t45,pT2.*t28.*t43+pT2.*t28.*t45,pT3.*t28.*t43+pT3.*t28.*t45,0.0,0.0,0.0,-t17.*t21.*(pT3.*t33+pT2.*t40),-t17.*t21.*(pT3.*t32-pT1.*t40),t17.*t21.*(pT1.*t33+pT2.*t32),0.0,0.0,0.0,0.0,t18,0.0,0.0,0.0,0.0,0.0,0.0,0.0,0.0,0.0,0.0,0.0,0.0,0.0,0.0,0.0,0.0,0.0,0.0,0.0,t19,0.0,0.0,0.0,0.0,0.0,0.0,0.0,0.0,0.0,0.0,0.0,0.0,0.0,0.0,0.0,0.0,0.0,0.0,0.0,t20,0.0,0.0,0.0,0.0,0.0,0.0,0.0,0.0,0.0,0.0,0.0,0.0],[19,4]);
