function dx = with_load_model_for_HL(in1,in2,in3)
%with_load_model_for_HL
%    DX = with_load_model_for_HL(IN1,IN2,IN3)

%    This function was generated by the Symbolic Math Toolbox version 9.1.
%    28-Sep-2023 16:53:38

Length = in3(:,16);
T1 = in2(1,:);
T2 = in2(2,:);
T3 = in2(3,:);
T4 = in2(4,:);
dp1 = in1(8,:);
dp2 = in1(9,:);
dp3 = in1(10,:);
dpl1 = in1(17,:);
dpl2 = in1(18,:);
dpl3 = in1(19,:);
gravity = in3(:,6);
jx = in3(:,3);
jy = in3(:,4);
jz = in3(:,5);
km1 = in3(:,7);
km2 = in3(:,8);
km3 = in3(:,9);
km4 = in3(:,10);
l = in3(:,2);
m = in3(:,1);
mL = in3(:,15);
o1 = in1(11,:);
o2 = in1(12,:);
o3 = in1(13,:);
ol1 = in1(23,:);
ol2 = in1(24,:);
ol3 = in1(25,:);
pT1 = in1(20,:);
pT2 = in1(21,:);
pT3 = in1(22,:);
q0 = in1(4,:);
q1 = in1(5,:);
q2 = in1(6,:);
q3 = in1(7,:);
t2 = m+mL;
t3 = ol1.*pT2;
t4 = ol2.*pT1;
t5 = ol1.*pT3;
t6 = ol3.*pT1;
t7 = ol2.*pT3;
t8 = ol3.*pT2;
t9 = q0.^2;
t10 = q1.^2;
t11 = q2.^2;
t12 = q3.^2;
t13 = q0.*q1.*2.0;
t14 = q0.*q2.*2.0;
t15 = q1.*q3.*2.0;
t16 = q2.*q3.*2.0;
t17 = 1.0./Length;
t18 = -T4;
t19 = -gravity;
t20 = 1.0./jx;
t21 = 1.0./jy;
t22 = 1.0./jz;
t23 = 1.0./m;
t28 = sqrt(2.0);
t29 = T1+T2+T3+T4;
t24 = -t4;
t25 = -t6;
t26 = -t8;
t27 = -t16;
t30 = -t10;
t31 = -t11;
t32 = 1.0./t2;
t36 = t14+t15;
t33 = t3+t24;
t34 = t5+t25;
t35 = t7+t26;
t37 = t13+t27;
t41 = pT1.*t29.*t36;
t42 = pT2.*t29.*t36;
t43 = pT3.*t29.*t36;
t48 = t9+t12+t30+t31;
t38 = t33.^2;
t39 = t34.^2;
t40 = t35.^2;
t44 = pT1.*t29.*t37;
t45 = pT2.*t29.*t37;
t46 = pT3.*t29.*t37;
t47 = -t41;
t49 = pT1.*t29.*t48;
t50 = pT2.*t29.*t48;
t51 = pT3.*t29.*t48;
t52 = -t49;
t53 = -t51;
t54 = t38+t39+t40;
t55 = t42+t44;
t57 = t46+t50;
t56 = Length.*m.*t54;
t58 = t43+t52;
t59 = t45+t47+t53+t56;
t60 = -pT1.*t32.*(t41-t45+t51-t56);
t61 = -pT2.*t32.*(t41-t45+t51-t56);
t62 = -pT3.*t32.*(t41-t45+t51-t56);
t63 = pT1.*t32.*(t41-t45+t51-t56);
t64 = pT2.*t32.*(t41-t45+t51-t56);
t65 = pT3.*t32.*(t41-t45+t51-t56);
mt1 = [dp1;dp2;dp3;o1.*q1.*(-1.0./2.0)-(o2.*q2)./2.0-(o3.*q3)./2.0;(o1.*q0)./2.0-(o2.*q3)./2.0+(o3.*q2)./2.0;(o2.*q0)./2.0+(o1.*q3)./2.0-(o3.*q1)./2.0;o1.*q2.*(-1.0./2.0)+(o2.*q1)./2.0+(o3.*q0)./2.0;t63-Length.*(ol2.*t33+ol3.*t34-pT2.*t17.*t23.*t55-pT3.*t17.*t23.*t58);t64-Length.*(-ol1.*t33+ol3.*t35+pT1.*t17.*t23.*t55+pT3.*t17.*t23.*t57);t19+t65+Length.*(ol1.*t34+ol2.*t35-pT1.*t17.*t23.*t58+pT2.*t17.*t23.*t57);t20.*(jy.*o2.*o3-jz.*o2.*o3)-(l.*t20.*t28.*(T1+T2-T3+t18))./2.0];
mt2 = [-t21.*(jx.*o1.*o3-jz.*o1.*o3)+(l.*t21.*t28.*(T1-T2+T3+t18))./2.0;t22.*(jx.*o1.*o2-jy.*o1.*o2)+t22.*(T1.*km1-T2.*km2-T3.*km3+T4.*km4);dpl1;dpl2;dpl3;t63;t64;t19+t65;t35;-t5+t6;t33;-t17.*t23.*t57;-t17.*t23.*t58;t17.*t23.*t55];
dx = [mt1;mt2];
