function dx = with_load_model(in1,in2,in3)
%WITH_LOAD_MODEL
%    DX = WITH_LOAD_MODEL(IN1,IN2,IN3)

%    This function was generated by the Symbolic Math Toolbox version 8.3.
%    19-Jun-2020 16:36:50

Length = in3(:,16);
dp1 = in1(8,:);
dp2 = in1(9,:);
dp3 = in1(10,:);
dpl1 = in1(17,:);
dpl2 = in1(18,:);
dpl3 = in1(19,:);
gravity = in3(:,6);
jx = in3(:,3);
jy = in3(:,4);
jz = in3(:,5);
m = in3(:,1);
mL = in3(:,15);
o1 = in1(11,:);
o2 = in1(12,:);
o3 = in1(13,:);
ol1 = in1(23,:);
ol2 = in1(24,:);
ol3 = in1(25,:);
pT1 = in1(20,:);
pT2 = in1(21,:);
pT3 = in1(22,:);
q0 = in1(4,:);
q1 = in1(5,:);
q2 = in1(6,:);
q3 = in1(7,:);
u1 = in2(1,:);
u2 = in2(2,:);
u3 = in2(3,:);
u4 = in2(4,:);
t2 = m+mL;
t3 = ol1.*pT2;
t4 = ol2.*pT1;
t5 = ol1.*pT3;
t6 = ol3.*pT1;
t7 = ol2.*pT3;
t8 = ol3.*pT2;
t9 = q0.^2;
t10 = q1.^2;
t11 = q2.^2;
t12 = q3.^2;
t13 = q0.*q1.*2.0;
t14 = q0.*q2.*2.0;
t15 = q1.*q3.*2.0;
t16 = q2.*q3.*2.0;
t17 = 1.0./Length;
t18 = -gravity;
t19 = 1.0./jx;
t20 = 1.0./jy;
t21 = 1.0./jz;
t22 = 1.0./m;
t23 = -t4;
t24 = -t6;
t25 = -t8;
t26 = -t16;
t27 = -t10;
t28 = -t11;
t29 = 1.0./t2;
t33 = t14+t15;
t30 = t3+t23;
t31 = t5+t24;
t32 = t7+t25;
t34 = t13+t26;
t38 = pT1.*t33.*u1;
t39 = pT2.*t33.*u1;
t40 = pT3.*t33.*u1;
t45 = t9+t12+t27+t28;
t35 = t30.^2;
t36 = t31.^2;
t37 = t32.^2;
t41 = pT1.*t34.*u1;
t42 = pT2.*t34.*u1;
t43 = pT3.*t34.*u1;
t46 = pT1.*t45.*u1;
t47 = pT2.*t45.*u1;
t48 = pT3.*t45.*u1;
t44 = -t42;
t49 = -t46;
t50 = t39+t41;
t51 = t35+t36+t37;
t52 = t43+t47;
t53 = t40+t49;
t54 = Length.*m.*t51;
t55 = -t54;
t56 = t38+t44+t48+t55;
t57 = pT1.*t29.*t56;
t58 = pT2.*t29.*t56;
t59 = pT3.*t29.*t56;
dx = [dp1;dp2;dp3;o1.*q1.*(-1.0./2.0)-(o2.*q2)./2.0-(o3.*q3)./2.0;(o1.*q0)./2.0-(o2.*q3)./2.0+(o3.*q2)./2.0;(o2.*q0)./2.0+(o1.*q3)./2.0-(o3.*q1)./2.0;o1.*q2.*(-1.0./2.0)+(o2.*q1)./2.0+(o3.*q0)./2.0;t57-Length.*(ol2.*t30+ol3.*t31-pT2.*t17.*t22.*t50-pT3.*t17.*t22.*t53);t58-Length.*(-ol1.*t30+ol3.*t32+pT1.*t17.*t22.*t50+pT3.*t17.*t22.*t52);t18+t59+Length.*(ol1.*t31+ol2.*t32-pT1.*t17.*t22.*t53+pT2.*t17.*t22.*t52);t19.*u2+t19.*(jy.*o2.*o3-jz.*o2.*o3);t20.*u3-t20.*(jx.*o1.*o3-jz.*o1.*o3);t21.*u4+t21.*(jx.*o1.*o2-jy.*o1.*o2);dpl1;dpl2;dpl3;t57;t58;t18+t59;t32;-t5+t6;t30;-t17.*t22.*t52;-t17.*t22.*t53;t17.*t22.*t50];
