function dx = euler_parameter_thrust_force_model(in1,in2)
%EULER_PARAMETER_THRUST_FORCE_MODEL
%    DX = EULER_PARAMETER_THRUST_FORCE_MODEL(IN1,IN2)

%    This function was generated by the Symbolic Math Toolbox version 9.1.
%    30-May-2022 21:26:31

dp1 = in1(8,:);
dp2 = in1(9,:);
dp3 = in1(10,:);
o1 = in1(11,:);
o2 = in1(12,:);
o3 = in1(13,:);
q0 = in1(1,:);
q1 = in1(2,:);
q2 = in1(3,:);
q3 = in1(4,:);
u1 = in2(1,:);
u2 = in2(2,:);
u3 = in2(3,:);
u4 = in2(4,:);
t2 = q0.^2;
t3 = q1.^2;
t4 = q2.^2;
t5 = q3.^2;
t6 = q0.*q1.*2.0;
t7 = q0.*q2.*2.0;
t8 = q1.*q3.*2.0;
t9 = q2.*q3.*2.0;
t10 = -t9;
t11 = -t3;
t12 = -t4;
t13 = t7+t8;
t14 = t6+t10;
t15 = t2+t5+t11+t12;
et1 = u1.*6.267378927027376-u2.*6.267378927027376-u3.*6.267378927027376+u4.*6.267378927027376;
et2 = o1.*o2.*(-1.556428949110485e-1);
mt1 = [o1.*q1.*(-1.0./2.0)-(o2.*q2)./2.0-(o3.*q3)./2.0;(o1.*q0)./2.0-(o2.*q3)./2.0+(o3.*q2)./2.0;(o2.*q0)./2.0+(o1.*q3)./2.0-(o3.*q1)./2.0;o1.*q2.*(-1.0./2.0)+(o2.*q1)./2.0+(o3.*q0)./2.0;dp1;dp2;dp3;t13.*u1.*5.0+t13.*u2.*5.0+t13.*u3.*5.0+t13.*u4.*5.0;t14.*u1.*-5.0-t14.*u2.*5.0-t14.*u3.*5.0-t14.*u4.*5.0;t15.*u1.*5.0+t15.*u2.*5.0+t15.*u3.*5.0+t15.*u4.*5.0-9.81e+2./1.0e+2];
mt2 = [u1.*(-2.234568960585779e+1)-u2.*2.234568960585779e+1+u3.*2.234568960585779e+1+u4.*2.234568960585779e+1-o2.*o3.*8.127145186202161e-1];
mt3 = [u1.*1.674909454394895e+1-u2.*1.674909454394895e+1+u3.*1.674909454394895e+1-u4.*1.674909454394895e+1+o1.*o3.*8.596211488806914e-1;et1+et2];
dx = [mt1;mt2;mt3];
