function U2 = Us(in1,in2,in3,in4,in5)
%Us
%    U2 = Us(IN1,IN2,IN3,IN4,IN5)

%    This function was generated by the Symbolic Math Toolbox version 9.3.
%    2023/06/11 20:34:29

Lx = in5(:,2);
Ly = in5(:,3);
V1 = in3(:,1);
V2 = in4(1,:);
V3 = in4(2,:);
V4 = in4(3,:);
gravity = in5(:,9);
jx = in5(:,6);
jy = in5(:,7);
jz = in5(:,8);
km1 = in5(:,10);
km2 = in5(:,11);
km3 = in5(:,12);
km4 = in5(:,13);
lx = in5(:,4);
ly = in5(:,5);
m = in5(:,1);
o1 = in1(11,:);
o2 = in1(12,:);
o3 = in1(13,:);
q0 = in1(1,:);
q1 = in1(2,:);
q2 = in1(3,:);
q3 = in1(4,:);
t2 = V1+gravity;
t3 = q0.^2;
t4 = q0.^3;
t5 = q1.^2;
t7 = q1.^3;
t8 = q2.^2;
t10 = q2.^3;
t11 = q3.^2;
t13 = q3.^3;
t15 = q0.*q1.*2.0;
t16 = q0.*q2.*2.0;
t17 = q0.*q3.*2.0;
t18 = q1.*q2.*2.0;
t19 = q1.*q3.*2.0;
t20 = q2.*q3.*2.0;
t21 = -jy;
t22 = -jz;
t23 = 1.0./jx;
t24 = 1.0./jy;
t25 = 1.0./jz;
t46 = (o1.*q0)./2.0;
t47 = (o1.*q1)./2.0;
t48 = (o2.*q0)./2.0;
t49 = (o1.*q2)./2.0;
t50 = (o2.*q1)./2.0;
t51 = (o3.*q0)./2.0;
t52 = (o1.*q3)./2.0;
t53 = (o2.*q2)./2.0;
t54 = (o3.*q1)./2.0;
t55 = (o2.*q3)./2.0;
t56 = (o3.*q2)./2.0;
t57 = (o3.*q3)./2.0;
t61 = q0.*q1.*q2.*q3.*8.0;
t6 = t3.^2;
t9 = t5.^2;
t12 = t8.^2;
t14 = t11.^2;
t26 = -t20;
t27 = km1.*t3;
t28 = km1.*t5;
t29 = km2.*t3;
t30 = km1.*t8;
t31 = km2.*t5;
t32 = km3.*t3;
t33 = km1.*t11;
t34 = km2.*t8;
t35 = km3.*t5;
t36 = km4.*t3;
t37 = km2.*t11;
t38 = km3.*t8;
t39 = km4.*t5;
t40 = km3.*t11;
t41 = km4.*t8;
t42 = km4.*t11;
t43 = -t5;
t44 = -t8;
t45 = -t11;
t58 = jx+t21;
t59 = jx+t22;
t60 = jy+t22;
t62 = -t49;
t63 = -t54;
t64 = -t55;
t97 = t3.*t5.*2.0;
t98 = t3.*t8.*2.0;
t99 = t3.*t11.*2.0;
t100 = t5.*t8.*2.0;
t101 = t5.*t11.*2.0;
t102 = t8.*t11.*2.0;
t153 = Lx.*Ly.*jz.*q0.*t7.*2.0;
t154 = Lx.*Ly.*jz.*q1.*t4.*2.0;
t155 = Lx.*Ly.*jz.*q2.*t13.*2.0;
t156 = Lx.*Ly.*jz.*q3.*t10.*2.0;
t157 = Lx.*jx.*km1.*q0.*t13.*2.0;
t158 = Lx.*jx.*km1.*q1.*t10.*2.0;
t159 = Lx.*jx.*km1.*q3.*t4.*2.0;
t160 = Lx.*jx.*km1.*q2.*t7.*2.0;
t161 = Lx.*jx.*km2.*q0.*t13.*2.0;
t162 = Lx.*jx.*km2.*q1.*t10.*2.0;
t163 = Lx.*jx.*km2.*q3.*t4.*2.0;
t164 = Lx.*jx.*km2.*q2.*t7.*2.0;
t165 = Lx.*jx.*km3.*q0.*t13.*2.0;
t166 = Lx.*jx.*km3.*q1.*t10.*2.0;
t167 = Lx.*jx.*km3.*q3.*t4.*2.0;
t168 = Lx.*jx.*km3.*q2.*t7.*2.0;
t169 = Lx.*jx.*km4.*q0.*t13.*2.0;
t170 = Lx.*jx.*km4.*q1.*t10.*2.0;
t171 = Lx.*jx.*km4.*q3.*t4.*2.0;
t172 = Lx.*jx.*km4.*q2.*t7.*2.0;
t173 = Ly.*jy.*km1.*q0.*t13.*2.0;
t174 = Ly.*jy.*km1.*q1.*t10.*2.0;
t175 = Ly.*jy.*km1.*q3.*t4.*2.0;
t176 = Ly.*jy.*km1.*q2.*t7.*2.0;
t177 = Ly.*jy.*km2.*q0.*t13.*2.0;
t178 = Ly.*jy.*km2.*q1.*t10.*2.0;
t179 = Ly.*jy.*km2.*q3.*t4.*2.0;
t180 = Ly.*jy.*km2.*q2.*t7.*2.0;
t181 = Ly.*jy.*km3.*q0.*t13.*2.0;
t182 = Ly.*jy.*km3.*q1.*t10.*2.0;
t183 = Ly.*jy.*km3.*q3.*t4.*2.0;
t184 = Ly.*jy.*km3.*q2.*t7.*2.0;
t185 = Ly.*jy.*km4.*q0.*t13.*2.0;
t186 = Ly.*jy.*km4.*q1.*t10.*2.0;
t187 = Ly.*jy.*km4.*q3.*t4.*2.0;
t188 = Ly.*jy.*km4.*q2.*t7.*2.0;
t189 = t16+t19;
t190 = t17+t18;
t191 = Lx.*Ly.*jz.*t8.*t15;
t192 = Lx.*Ly.*jz.*t11.*t15;
t193 = Lx.*Ly.*jz.*q0.*q2.*t5.*4.0;
t194 = Lx.*Ly.*jz.*t3.*t20;
t195 = Lx.*Ly.*jz.*q1.*q3.*t3.*4.0;
t196 = Lx.*Ly.*jz.*t5.*t20;
t197 = Lx.*Ly.*jz.*q0.*q2.*t11.*4.0;
t198 = Lx.*Ly.*jz.*q1.*q3.*t8.*4.0;
t252 = Lx.*Ly.*jz.*q0.*q1.*t8.*-2.0;
t253 = Lx.*Ly.*jz.*q0.*q1.*t11.*-2.0;
t254 = Lx.*Ly.*jz.*q2.*q3.*t3.*-2.0;
t255 = Lx.*Ly.*jz.*q2.*q3.*t5.*-2.0;
t362 = t47+t53+t57;
t65 = Lx.*jx.*km1.*t6;
t66 = Lx.*jx.*km1.*t9;
t67 = Lx.*jx.*km2.*t6;
t68 = Lx.*jx.*km1.*t12;
t69 = Lx.*jx.*km2.*t9;
t70 = Lx.*jx.*km3.*t6;
t71 = Lx.*jx.*km1.*t14;
t72 = Lx.*jx.*km2.*t12;
t73 = Lx.*jx.*km3.*t9;
t74 = Lx.*jx.*km4.*t6;
t75 = Lx.*jx.*km2.*t14;
t76 = Lx.*jx.*km3.*t12;
t77 = Lx.*jx.*km4.*t9;
t78 = Lx.*jx.*km3.*t14;
t79 = Lx.*jx.*km4.*t12;
t80 = Lx.*jx.*km4.*t14;
t81 = Ly.*jy.*km1.*t6;
t83 = Ly.*jy.*km2.*t6;
t84 = Ly.*jy.*km1.*t12;
t86 = Ly.*jy.*km3.*t6;
t88 = Ly.*jy.*km2.*t12;
t90 = Ly.*jy.*km4.*t6;
t92 = Ly.*jy.*km3.*t12;
t95 = Ly.*jy.*km4.*t12;
t103 = Lx.*Ly.*V1.*km1.*t6;
t104 = Lx.*Ly.*V1.*km1.*t9;
t105 = Lx.*Ly.*V1.*km2.*t6;
t106 = Lx.*Ly.*V1.*km1.*t12;
t107 = Lx.*Ly.*V1.*km2.*t9;
t108 = Lx.*Ly.*V1.*km3.*t6;
t109 = Lx.*Ly.*V1.*km1.*t14;
t110 = Lx.*Ly.*V1.*km2.*t12;
t111 = Lx.*Ly.*V1.*km3.*t9;
t112 = Lx.*Ly.*V1.*km4.*t6;
t113 = Lx.*Ly.*V1.*km2.*t14;
t114 = Lx.*Ly.*V1.*km3.*t12;
t115 = Lx.*Ly.*V1.*km4.*t9;
t116 = Lx.*Ly.*V1.*km3.*t14;
t117 = Lx.*Ly.*V1.*km4.*t12;
t118 = Lx.*Ly.*V1.*km4.*t14;
t119 = Lx.*Ly.*gravity.*km1.*t6;
t120 = Lx.*Ly.*gravity.*km1.*t9;
t121 = Lx.*Ly.*gravity.*km2.*t6;
t122 = Lx.*Ly.*gravity.*km1.*t12;
t123 = Lx.*Ly.*gravity.*km2.*t9;
t124 = Lx.*Ly.*gravity.*km3.*t6;
t125 = Lx.*Ly.*gravity.*km1.*t14;
t126 = Lx.*Ly.*gravity.*km2.*t12;
t127 = Lx.*Ly.*gravity.*km3.*t9;
t128 = Lx.*Ly.*gravity.*km4.*t6;
t129 = Lx.*Ly.*gravity.*km2.*t14;
t130 = Lx.*Ly.*gravity.*km3.*t12;
t131 = Lx.*Ly.*gravity.*km4.*t9;
t132 = Lx.*Ly.*gravity.*km3.*t14;
t133 = Lx.*Ly.*gravity.*km4.*t12;
t134 = Lx.*Ly.*gravity.*km4.*t14;
t135 = -t98;
t136 = -t101;
t145 = Ly.*km1.*t9.*t21;
t146 = Ly.*km2.*t9.*t21;
t147 = Ly.*km1.*t14.*t21;
t148 = Ly.*km3.*t9.*t21;
t149 = Ly.*km2.*t14.*t21;
t150 = Ly.*km4.*t9.*t21;
t151 = Ly.*km3.*t14.*t21;
t152 = Ly.*km4.*t14.*t21;
t199 = Lx.*jx.*t18.*t27;
t200 = Lx.*jx.*t17.*t28;
t202 = Lx.*jx.*t17.*t30;
t204 = Lx.*jx.*t18.*t32;
t205 = Lx.*jx.*t18.*t33;
t207 = Lx.*jx.*t17.*t35;
t210 = Lx.*jx.*t17.*t38;
t212 = Lx.*jx.*t18.*t40;
t215 = Ly.*jy.*t18.*t27;
t217 = Ly.*jy.*t18.*t29;
t221 = Ly.*jy.*t18.*t33;
t223 = Ly.*jy.*t17.*t35;
t225 = Ly.*jy.*t18.*t37;
t226 = Ly.*jy.*t17.*t38;
t227 = Ly.*jy.*t17.*t39;
t229 = Ly.*jy.*t17.*t41;
t231 = -t153;
t232 = -t154;
t233 = -t155;
t234 = -t156;
t235 = -t157;
t236 = -t158;
t237 = -t159;
t238 = -t160;
t239 = -t165;
t240 = -t166;
t241 = -t167;
t242 = -t168;
t243 = -t174;
t244 = -t176;
t245 = -t178;
t246 = -t180;
t247 = -t181;
t248 = -t183;
t249 = -t185;
t250 = -t187;
t251 = t15+t26;
t256 = Lx.*jx.*t5.*t27.*2.0;
t257 = Lx.*jx.*t5.*t29.*2.0;
t258 = Lx.*jx.*t5.*t32.*2.0;
t259 = Lx.*jx.*t5.*t36.*2.0;
t260 = Lx.*jx.*t11.*t30.*2.0;
t261 = Lx.*jx.*t11.*t34.*2.0;
t262 = Lx.*jx.*t11.*t38.*2.0;
t263 = Lx.*jx.*t11.*t41.*2.0;
t264 = Ly.*jy.*t8.*t27.*2.0;
t265 = Ly.*jy.*t8.*t29.*2.0;
t266 = Ly.*jy.*t11.*t28.*2.0;
t267 = Ly.*jy.*t8.*t32.*2.0;
t268 = Ly.*jy.*t11.*t31.*2.0;
t269 = Ly.*jy.*t8.*t36.*2.0;
t270 = Ly.*jy.*t11.*t35.*2.0;
t271 = Ly.*jy.*t11.*t39.*2.0;
t272 = Lx.*jx.*q1.*q2.*t27.*-2.0;
t273 = Lx.*jx.*q0.*q3.*t28.*-2.0;
t274 = Lx.*jx.*q1.*q2.*t29.*-2.0;
t275 = Lx.*jx.*q0.*q3.*t30.*-2.0;
t276 = Lx.*jx.*q0.*q3.*t31.*-2.0;
t277 = Lx.*jx.*q1.*q2.*t32.*-2.0;
t278 = Lx.*jx.*q1.*q2.*t33.*-2.0;
t279 = Lx.*jx.*q0.*q3.*t34.*-2.0;
t280 = Lx.*jx.*q0.*q3.*t35.*-2.0;
t281 = Lx.*jx.*q1.*q2.*t36.*-2.0;
t282 = Lx.*jx.*q1.*q2.*t37.*-2.0;
t283 = Lx.*jx.*q0.*q3.*t38.*-2.0;
t284 = Lx.*jx.*q0.*q3.*t39.*-2.0;
t285 = Lx.*jx.*q1.*q2.*t40.*-2.0;
t286 = Lx.*jx.*q0.*q3.*t41.*-2.0;
t287 = Lx.*jx.*q1.*q2.*t42.*-2.0;
t288 = Ly.*jy.*q0.*q3.*t28.*-2.0;
t289 = Ly.*jy.*q0.*q3.*t30.*-2.0;
t290 = Ly.*jy.*q0.*q3.*t31.*-2.0;
t291 = Ly.*jy.*q1.*q2.*t32.*-2.0;
t292 = Ly.*jy.*q0.*q3.*t34.*-2.0;
t293 = Ly.*jy.*q1.*q2.*t36.*-2.0;
t294 = Ly.*jy.*q1.*q2.*t40.*-2.0;
t295 = Ly.*jy.*q1.*q2.*t42.*-2.0;
t296 = t190.^2;
t305 = Lx.*Ly.*V1.*t5.*t27.*2.0;
t306 = Lx.*Ly.*V1.*t8.*t27.*2.0;
t307 = Lx.*Ly.*V1.*t5.*t29.*2.0;
t308 = Lx.*Ly.*V1.*t11.*t27.*2.0;
t309 = Lx.*Ly.*V1.*t8.*t28.*2.0;
t310 = Lx.*Ly.*V1.*t8.*t29.*2.0;
t311 = Lx.*Ly.*V1.*t5.*t32.*2.0;
t312 = Lx.*Ly.*V1.*t11.*t28.*2.0;
t313 = Lx.*Ly.*V1.*t11.*t29.*2.0;
t314 = Lx.*Ly.*V1.*t8.*t31.*2.0;
t315 = Lx.*Ly.*V1.*t8.*t32.*2.0;
t316 = Lx.*Ly.*V1.*t5.*t36.*2.0;
t317 = Lx.*Ly.*V1.*t11.*t30.*2.0;
t318 = Lx.*Ly.*V1.*t11.*t31.*2.0;
t319 = Lx.*Ly.*V1.*t11.*t32.*2.0;
t320 = Lx.*Ly.*V1.*t8.*t35.*2.0;
t321 = Lx.*Ly.*V1.*t8.*t36.*2.0;
