function U2 = Us(in1,in2,in3,in4,in5)
%Us
%    U2 = Us(IN1,IN2,IN3,IN4,IN5)

%    This function was generated by the Symbolic Math Toolbox version 9.3.
%    2023/06/12 11:47:25

V1 = in3(:,1);
V2 = in4(1,:);
V3 = in4(2,:);
V4 = in4(3,:);
gravity = in5(:,9);
jx = in5(:,6);
jy = in5(:,7);
jz = in5(:,8);
o1 = in1(11,:);
o2 = in1(12,:);
o3 = in1(13,:);
q0 = in1(1,:);
q1 = in1(2,:);
q2 = in1(3,:);
q3 = in1(4,:);
t2 = V1+gravity;
t3 = q0.*q3;
t4 = q1.*q2;
t5 = q0.^2;
t6 = q1.^2;
t8 = q2.^2;
t10 = q3.^2;
t13 = q0.*q1.*2.0;
t14 = q0.*q2.*2.0;
t17 = q1.*q3.*2.0;
t18 = q2.*q3.*2.0;
t19 = jx.*o1.*o2;
t20 = jx.*o1.*o3;
t21 = jy.*o1.*o2;
t22 = jy.*o2.*o3;
t23 = jz.*o1.*o3;
t24 = jz.*o2.*o3;
t25 = 1.0./jx;
t26 = 1.0./jy;
t27 = 1.0./jz;
t40 = (o1.*q0)./2.0;
t41 = (o1.*q1)./2.0;
t42 = (o2.*q0)./2.0;
t43 = (o1.*q2)./2.0;
t44 = (o2.*q1)./2.0;
t45 = (o3.*q0)./2.0;
t46 = (o1.*q3)./2.0;
t47 = (o2.*q2)./2.0;
t48 = (o3.*q1)./2.0;
t49 = (o2.*q3)./2.0;
t50 = (o3.*q2)./2.0;
t51 = (o3.*q3)./2.0;
t7 = t5.^2;
t9 = t6.^2;
t11 = t8.^2;
t12 = t10.^2;
t15 = t3.*2.0;
t16 = t4.*2.0;
t28 = -t18;
t37 = -t6;
t38 = -t8;
t39 = -t10;
t52 = -t21;
t53 = -t23;
t54 = -t24;
t55 = -t43;
t56 = -t48;
t57 = -t49;
t58 = V1.*t5.*t6.*2.0;
t59 = V1.*t5.*t8.*2.0;
t62 = V1.*t6.*t10.*2.0;
t63 = V1.*t8.*t10.*2.0;
t64 = gravity.*t5.*t6.*2.0;
t65 = gravity.*t5.*t8.*2.0;
t68 = gravity.*t6.*t10.*2.0;
t69 = gravity.*t8.*t10.*2.0;
t70 = t14+t17;
t83 = t41+t47+t51;
t29 = V1.*t7;
t30 = V1.*t9;
t31 = V1.*t11;
t32 = V1.*t12;
t33 = gravity.*t7;
t34 = gravity.*t9;
t35 = gravity.*t11;
t36 = gravity.*t12;
t60 = V1.*t3.*t15;
t61 = V1.*t4.*t16;
t66 = gravity.*t3.*t15;
t67 = gravity.*t4.*t16;
t71 = t15+t16;
t72 = t13+t28;
t74 = t19+t52;
t75 = t20+t53;
t76 = t22+t54;
t84 = t5+t10+t37+t38;
t85 = t5+t6+t38+t39;
t86 = t44+t45+t55;
t87 = t42+t46+t56;
t88 = t40+t50+t57;
t73 = t71.^2;
t77 = q0.*t71.*4.0;
t78 = q1.*t71.*4.0;
t79 = q2.*t71.*4.0;
t80 = q3.*t71.*4.0;
t89 = t85.^2;
t90 = q0.*t85.*4.0;
t91 = q1.*t85.*4.0;
t92 = q2.*t85.*4.0;
t93 = q3.*t85.*4.0;
t94 = 1.0./t84;
t95 = 1.0./t85;
t346 = t29+t30+t31+t32+t33+t34+t35+t36+t58+t59+t60+t61+t62+t63+t64+t65+t66+t67+t68+t69;
t96 = t94.^2;
t97 = 1.0./t89;
t98 = t94.^3;
t99 = t95.^3;
t100 = t95.*2.0;
t112 = t2.*t94.*2.0;
t143 = t73+t89;
t148 = t80+t90;
t149 = t79+t91;
t356 = 1.0./t346;
t101 = q0.*t100;
t102 = q1.*t100;
t103 = q2.*t100;
t104 = q3.*t100;
t105 = q0.*q1.*t97.*4.0;
t106 = q0.*q2.*t97.*4.0;
t107 = q1.*q3.*t97.*4.0;
t108 = q2.*q3.*t97.*4.0;
t110 = t3.*t97.*8.0;
t111 = t4.*t97.*8.0;
t113 = t5.*t97.*4.0;
t114 = t6.*t97.*4.0;
t115 = t8.*t97.*4.0;
t116 = t10.*t97.*4.0;
t117 = q0.*t112;
t118 = q1.*t112;
t119 = q2.*t112;
t120 = q3.*t112;
t123 = q0.*q1.*t2.*t96.*4.0;
t124 = q0.*q2.*t2.*t96.*4.0;
t125 = t2.*t3.*t96.*4.0;
t126 = t2.*t4.*t96.*4.0;
t127 = q1.*q3.*t2.*t96.*4.0;
t128 = q2.*q3.*t2.*t96.*4.0;
t129 = t2.*t5.*t96.*4.0;
t130 = t2.*t6.*t96.*4.0;
t131 = t2.*t8.*t96.*4.0;
t132 = t2.*t10.*t96.*4.0;
t135 = q0.*q1.*t2.*t96.*8.0;
t136 = q0.*q2.*t2.*t96.*8.0;
t137 = q1.*q3.*t2.*t96.*8.0;
t138 = q2.*q3.*t2.*t96.*8.0;
t142 = t71.*t97.*2.0;
t150 = q0.*t71.*t97.*-2.0;
t151 = q1.*t71.*t97.*-2.0;
t152 = t2.*t70.*t96.*2.0;
t155 = 1.0./t143;
t157 = q0.*q1.*t71.*t99.*8.0;
t158 = q0.*q2.*t71.*t99.*8.0;
t159 = t3.*t71.*t99.*8.0;
t160 = t4.*t71.*t99.*8.0;
t161 = q1.*q3.*t71.*t99.*8.0;
t162 = q2.*q3.*t71.*t99.*8.0;
t163 = t2.*t72.*t96.*2.0;
t173 = q0.*t2.*t70.*t96.*-2.0;
t177 = q3.*t2.*t70.*t96.*-2.0;
t178 = q0.*q1.*t2.*t70.*t98.*8.0;
t179 = q0.*q2.*t2.*t70.*t98.*8.0;
t180 = t2.*t3.*t70.*t98.*8.0;
t181 = t2.*t4.*t70.*t98.*8.0;
t182 = q1.*q3.*t2.*t70.*t98.*8.0;
t183 = q2.*q3.*t2.*t70.*t98.*8.0;
t184 = q0.*t2.*t72.*t96.*-2.0;
t185 = q2.*t2.*t72.*t96.*-2.0;
t186 = q0.*q1.*t2.*t72.*t98.*8.0;
t187 = q0.*q2.*t2.*t72.*t98.*8.0;
t189 = t2.*t3.*t72.*t98.*8.0;
t191 = t2.*t4.*t72.*t98.*8.0;
t192 = q1.*q3.*t2.*t72.*t98.*8.0;
t194 = q2.*q3.*t2.*t72.*t98.*8.0;
t195 = t2.*t5.*t70.*t98.*8.0;
t196 = t2.*t6.*t70.*t98.*8.0;
t197 = t2.*t8.*t70.*t98.*8.0;
t198 = t2.*t10.*t70.*t98.*8.0;
t201 = t2.*t5.*t72.*t98.*8.0;
t203 = t2.*t6.*t72.*t98.*8.0;
t204 = t2.*t8.*t72.*t98.*8.0;
t205 = t2.*t10.*t72.*t98.*8.0;
t109 = -t108;
t121 = -t113;
t122 = -t114;
t133 = -t126;
t134 = -t127;
t139 = -t129;
t140 = -t132;
t141 = -t138;
t146 = q2.*t142;
t147 = q3.*t142;
t156 = t155.^2;
t165 = q1.*t152;
t166 = q2.*t152;
t168 = -t157;
t169 = -t159;
t170 = -t160;
t171 = -t163;
t174 = q1.*t163;
t176 = q3.*t163;
t188 = -t179;
t190 = -t180;
t193 = -t182;
t199 = -t186;
t200 = -t187;
t202 = -t195;
t206 = -t198;
t207 = -t201;
t210 = t103+t151;
t211 = t104+t150;
t215 = t119+t173;
t216 = t118+t177;
t218 = t118+t184;
t219 = t120+t185;
t286 = t106+t107+t162;
t290 = t123+t128+t181;
t293 = t125+t126+t192;
t298 = t136+t152+t197;
t299 = t137+t152+t196;
t302 = t135+t163+t203;
t208 = t101+t147;
t209 = t102+t146;
t212 = t117+t166;
t213 = t120+t165;
t214 = t117+t174;
t217 = t119+t176;
t234 = (o1.*t215)./2.0;
t236 = (o2.*t215)./2.0;
t238 = (o1.*t216)./2.0;
t240 = (o3.*t215)./2.0;
t242 = (o2.*t216)./2.0;
t244 = (o3.*t216)./2.0;
t248 = (q1.*t215)./2.0;
t250 = (q0.*t216)./2.0;
t252 = (q2.*t215)./2.0;
t255 = (q1.*t216)./2.0;
t257 = (q3.*t215)./2.0;
t259 = (q2.*t216)./2.0;
t263 = (o1.*t218)./2.0;
t265 = (o2.*t218)./2.0;
t266 = (o3.*t218)./2.0;
t267 = (o1.*t219)./2.0;
t268 = (o2.*t219)./2.0;
t270 = (o3.*t219)./2.0;
t271 = (q1.*t218)./2.0;
t272 = (q2.*t218)./2.0;
t275 = (q3.*t218)./2.0;
t277 = (q0.*t219)./2.0;
t278 = (q1.*t219)./2.0;
t279 = (q3.*t219)./2.0;
t287 = t106+t107+t168;
t288 = t105+t109+t158;
t289 = t105+t109+t161;
t291 = t125+t133+t178;
t292 = t123+t128+t190;
t294 = t125+t133+t183;
t295 = t125+t126+t200;
t296 = t124+t134+t189;
t297 = t124+t134+t191;
t300 = t136+t152+t202;
t301 = t137+t152+t206;
t303 = t135+t163+t207;
t304 = t141+t163+t204;
t305 = t138+t171+t205;
t306 = t100+t116+t121+t169;
t307 = t100+t115+t122+t170;
t308 = t87.*t290;
t310 = t88.*t290;
t314 = t86.*t293;
t318 = t88.*t293;
t330 = t87.*t298;
t332 = t88.*t299;
t334 = t112+t131+t139+t188;
t335 = t112+t130+t140+t193;
t336 = t112+t131+t140+t194;
t337 = t88.*t302;
t340 = t112+t130+t139+t199;
t220 = (o1.*t212)./2.0;
t221 = (o2.*t212)./2.0;
t222 = (o1.*t213)./2.0;
t223 = (o3.*t212)./2.0;
t224 = (o2.*t213)./2.0;
t225 = (o3.*t213)./2.0;
t226 = (q0.*t212)./2.0;
t227 = (q1.*t212)./2.0;
t228 = (q0.*t213)./2.0;
t229 = (q3.*t212)./2.0;
t230 = (q2.*t213)./2.0;
t231 = (q3.*t213)./2.0;
t232 = (o1.*t214)./2.0;
t235 = (o2.*t214)./2.0;
t237 = (o3.*t214)./2.0;
t241 = (o1.*t217)./2.0;
t243 = (o2.*t217)./2.0;
t246 = (o3.*t217)./2.0;
t247 = (q0.*t214)./2.0;
t249 = (q2.*t214)./2.0;
t253 = (q3.*t214)./2.0;
t254 = (q0.*t217)./2.0;
t258 = (q1.*t217)./2.0;
t261 = (q2.*t217)./2.0;
t264 = -t234;
t273 = -t250;
t274 = -t252;
t280 = -t265;
t281 = -t268;
t282 = -t270;
t283 = -t271;
t284 = -t275;
t285 = -t279;
t309 = t83.*t291;
t311 = t83.*t292;
t312 = t86.*t292;
t313 = t88.*t291;
t315 = t86.*t294;
t316 = t83.*t295;
t317 = t87.*t294;
t319 = t83.*t296;
t320 = t86.*t296;
t321 = t87.*t295;
t322 = t87.*t297;
t323 = t88.*t297;
t324 = -t310;
t331 = t83.*t300;
t333 = t86.*t301;
t338 = t83.*t303;
t339 = -t330;
t341 = t86.*t305;
t342 = t87.*t304;
t343 = -t337;
t345 = t83.*t334;
t347 = t87.*t334;
t348 = t83.*t340;
t349 = t86.*t335;
t350 = t86.*t336;
t351 = t88.*t335;
t352 = t87.*t336;
t353 = t88.*t340;
t233 = -t220;
t239 = -t223;
t245 = -t225;
t260 = -t230;
t262 = -t231;
t269 = -t246;
t276 = -t254;
t325 = -t311;
t326 = -t312;
t327 = -t313;
t328 = -t316;
t329 = -t322;
t344 = -t341;
t354 = -t350;
t355 = -t351;
t360 = t253+t258+t272+t277;
t361 = t247+t261+t283+t285;
t365 = -t25.*t76.*(t228+t229-t248-t259);
t357 = t226+t255+t262+t274;
t358 = t227+t257+t260+t273;
