function U2 = Us(in1,in2,in3,in4,in5)
%US
%    U2 = US(IN1,IN2,IN3,IN4,IN5)

%    This function was generated by the Symbolic Math Toolbox version 8.4.
%    13-Mar-2020 20:01:15

V1 = in3(:,1);
V2 = in4(1,:);
V3 = in4(2,:);
V4 = in4(3,:);
dV1 = in3(:,2);
ddV1 = in3(:,3);
ddXd3 = in2(:,11);
ddXd4 = in2(:,12);
dddXd3 = in2(:,15);
ddddXd1 = in2(:,17);
ddddXd2 = in2(:,18);
ddddXd3 = in2(:,19);
gravity = in5(:,6);
jx = in5(:,3);
jy = in5(:,4);
jz = in5(:,5);
km1 = in5(:,7);
km2 = in5(:,8);
km3 = in5(:,9);
km4 = in5(:,10);
l = in5(:,2);
m = in5(:,1);
o1 = in1(11,:);
o2 = in1(12,:);
o3 = in1(13,:);
q0 = in1(1,:);
q1 = in1(2,:);
q2 = in1(3,:);
q3 = in1(4,:);
t2 = dV1+dddXd3;
t3 = ddV1+ddddXd3;
t4 = q0.^2;
t5 = q0.^3;
t6 = q1.^2;
t8 = q1.^3;
t9 = q2.^2;
t11 = q2.^3;
t12 = q3.^2;
t14 = q3.^3;
t16 = q0.*q1.*2.0;
t17 = q0.*q2.*2.0;
t18 = q0.*q3.*2.0;
t19 = q1.*q2.*2.0;
t20 = q1.*q3.*2.0;
t21 = q2.*q3.*2.0;
t22 = V1+ddXd3+gravity;
t23 = -jy;
t24 = -jz;
t25 = 1.0./jx;
t26 = 1.0./jy;
t27 = 1.0./jz;
t29 = sqrt(2.0);
t81 = (o1.*q0)./2.0;
t82 = (o1.*q1)./2.0;
t83 = (o2.*q0)./2.0;
t84 = (o1.*q2)./2.0;
t85 = (o2.*q1)./2.0;
t86 = (o3.*q0)./2.0;
t87 = (o1.*q3)./2.0;
t88 = (o2.*q2)./2.0;
t89 = (o3.*q1)./2.0;
t90 = (o2.*q3)./2.0;
t91 = (o3.*q2)./2.0;
t92 = (o3.*q3)./2.0;
t96 = q0.*q1.*q2.*q3.*8.0;
t7 = t4.^2;
t10 = t6.^2;
t13 = t9.^2;
t15 = t12.^2;
t28 = -t21;
t30 = km1.*t4;
t31 = km1.*t6;
t32 = km2.*t4;
t33 = km1.*t9;
t34 = km2.*t6;
t35 = km3.*t4;
t36 = km1.*t12;
t37 = km2.*t9;
t38 = km3.*t6;
t39 = km4.*t4;
t40 = km2.*t12;
t41 = km3.*t9;
t42 = km4.*t6;
t43 = km3.*t12;
t44 = km4.*t9;
t45 = km4.*t12;
t78 = -t6;
t79 = -t9;
t80 = -t12;
t93 = jx+t23;
t94 = jx+t24;
t95 = jy+t24;
t97 = -t84;
t98 = -t89;
t99 = -t90;
t148 = t4.*t6.*2.0;
t149 = t4.*t9.*2.0;
t150 = t4.*t12.*2.0;
t151 = t6.*t9.*2.0;
t152 = t6.*t12.*2.0;
t153 = t9.*t12.*2.0;
t170 = jx.*km1.*q0.*t14.*2.0;
t171 = jx.*km1.*q1.*t11.*2.0;
t172 = jx.*km1.*q3.*t5.*2.0;
t173 = jx.*km1.*q2.*t8.*2.0;
t174 = jx.*km2.*q0.*t14.*2.0;
t175 = jx.*km2.*q1.*t11.*2.0;
t176 = jx.*km2.*q3.*t5.*2.0;
t177 = jx.*km2.*q2.*t8.*2.0;
t178 = jx.*km3.*q0.*t14.*2.0;
t179 = jx.*km3.*q1.*t11.*2.0;
t180 = jx.*km3.*q3.*t5.*2.0;
t181 = jx.*km3.*q2.*t8.*2.0;
t182 = jx.*km4.*q0.*t14.*2.0;
t183 = jx.*km4.*q1.*t11.*2.0;
t184 = jx.*km4.*q3.*t5.*2.0;
t185 = jx.*km4.*q2.*t8.*2.0;
t186 = jy.*km1.*q0.*t14.*2.0;
t187 = jy.*km1.*q1.*t11.*2.0;
t188 = jy.*km1.*q3.*t5.*2.0;
t189 = jy.*km1.*q2.*t8.*2.0;
t190 = jy.*km2.*q0.*t14.*2.0;
t191 = jy.*km2.*q1.*t11.*2.0;
t192 = jy.*km2.*q3.*t5.*2.0;
t193 = jy.*km2.*q2.*t8.*2.0;
t194 = jy.*km3.*q0.*t14.*2.0;
t195 = jy.*km3.*q1.*t11.*2.0;
t196 = jy.*km3.*q3.*t5.*2.0;
t197 = jy.*km3.*q2.*t8.*2.0;
t198 = jy.*km4.*q0.*t14.*2.0;
t199 = jy.*km4.*q1.*t11.*2.0;
t200 = jy.*km4.*q3.*t5.*2.0;
t201 = jy.*km4.*q2.*t8.*2.0;
t220 = t17+t20;
t221 = t18+t19;
t385 = jz.*l.*q0.*t8.*t29.*2.0;
t386 = jz.*l.*q1.*t5.*t29.*2.0;
t387 = jz.*l.*q2.*t14.*t29.*2.0;
t388 = jz.*l.*q3.*t11.*t29.*2.0;
t389 = jz.*l.*t9.*t16.*t29;
t390 = jz.*l.*t12.*t16.*t29;
t391 = jz.*l.*q0.*q2.*t6.*t29.*4.0;
t392 = jz.*l.*t4.*t21.*t29;
t393 = jz.*l.*q1.*q3.*t4.*t29.*4.0;
t394 = jz.*l.*t6.*t21.*t29;
t395 = jz.*l.*q0.*q2.*t12.*t29.*4.0;
t396 = jz.*l.*q1.*q3.*t9.*t29.*4.0;
t401 = jz.*l.*q0.*q1.*t9.*t29.*-2.0;
t402 = jz.*l.*q0.*q1.*t12.*t29.*-2.0;
t403 = jz.*l.*q2.*q3.*t4.*t29.*-2.0;
t404 = jz.*l.*q2.*q3.*t6.*t29.*-2.0;
t405 = t82+t88+t92;
t46 = jx.*km1.*t7;
t47 = jx.*km1.*t10;
t48 = jx.*km2.*t7;
t49 = jx.*km1.*t13;
t50 = jx.*km2.*t10;
t51 = jx.*km3.*t7;
t52 = jx.*km1.*t15;
t53 = jx.*km2.*t13;
t54 = jx.*km3.*t10;
t55 = jx.*km4.*t7;
t56 = jx.*km2.*t15;
t57 = jx.*km3.*t13;
t58 = jx.*km4.*t10;
t59 = jx.*km3.*t15;
t60 = jx.*km4.*t13;
t61 = jx.*km4.*t15;
t62 = jy.*km1.*t7;
t63 = jy.*km1.*t10;
t64 = jy.*km2.*t7;
t65 = jy.*km1.*t13;
t66 = jy.*km2.*t10;
t67 = jy.*km3.*t7;
t68 = jy.*km1.*t15;
t69 = jy.*km2.*t13;
t70 = jy.*km3.*t10;
t71 = jy.*km4.*t7;
t72 = jy.*km2.*t15;
t73 = jy.*km3.*t13;
t74 = jy.*km4.*t10;
t75 = jy.*km3.*t15;
t76 = jy.*km4.*t13;
t77 = jy.*km4.*t15;
t100 = V1.*km1.*l.*t7;
t101 = V1.*km1.*l.*t10;
t102 = V1.*km2.*l.*t7;
t103 = V1.*km1.*l.*t13;
t104 = V1.*km2.*l.*t10;
t105 = V1.*km3.*l.*t7;
t106 = V1.*km1.*l.*t15;
t107 = V1.*km2.*l.*t13;
t108 = V1.*km3.*l.*t10;
t109 = V1.*km4.*l.*t7;
t110 = V1.*km2.*l.*t15;
t111 = V1.*km3.*l.*t13;
t112 = V1.*km4.*l.*t10;
t113 = V1.*km3.*l.*t15;
t114 = V1.*km4.*l.*t13;
t115 = V1.*km4.*l.*t15;
t116 = ddXd3.*km1.*l.*t7;
t117 = ddXd3.*km1.*l.*t10;
t118 = ddXd3.*km2.*l.*t7;
t119 = ddXd3.*km1.*l.*t13;
t120 = ddXd3.*km2.*l.*t10;
t121 = ddXd3.*km3.*l.*t7;
t122 = ddXd3.*km1.*l.*t15;
t123 = ddXd3.*km2.*l.*t13;
t124 = ddXd3.*km3.*l.*t10;
t125 = ddXd3.*km4.*l.*t7;
t126 = ddXd3.*km2.*l.*t15;
t127 = ddXd3.*km3.*l.*t13;
t128 = ddXd3.*km4.*l.*t10;
t129 = ddXd3.*km3.*l.*t15;
t130 = ddXd3.*km4.*l.*t13;
t131 = ddXd3.*km4.*l.*t15;
t132 = gravity.*km1.*l.*t7;
t133 = gravity.*km1.*l.*t10;
t134 = gravity.*km2.*l.*t7;
t135 = gravity.*km1.*l.*t13;
t136 = gravity.*km2.*l.*t10;
t137 = gravity.*km3.*l.*t7;
t138 = gravity.*km1.*l.*t15;
t139 = gravity.*km2.*l.*t13;
t140 = gravity.*km3.*l.*t10;
t141 = gravity.*km4.*l.*t7;
t142 = gravity.*km2.*l.*t15;
t143 = gravity.*km3.*l.*t13;
t144 = gravity.*km4.*l.*t10;
t145 = gravity.*km3.*l.*t15;
t146 = gravity.*km4.*l.*t13;
t147 = gravity.*km4.*l.*t15;
t162 = km1.*t10.*t23;
t163 = km2.*t10.*t23;
t164 = km1.*t15.*t23;
t165 = km3.*t10.*t23;
t166 = km2.*t15.*t23;
t167 = km4.*t10.*t23;
t168 = km3.*t15.*t23;
t169 = km4.*t15.*t23;
t202 = -t149;
t203 = -t152;
t204 = -t170;
t205 = -t171;
t206 = -t172;
t207 = -t173;
t208 = -t178;
t209 = -t179;
t210 = -t180;
t211 = -t181;
t212 = -t187;
t213 = -t189;
t214 = -t191;
t215 = -t193;
t216 = -t194;
t217 = -t196;
t218 = -t198;
t219 = -t200;
t222 = jx.*t19.*t30;
t223 = jx.*t18.*t31;
t224 = jx.*t19.*t32;
t225 = jx.*t18.*t33;
t226 = jx.*t18.*t34;
t227 = jx.*t19.*t35;
t228 = jx.*t19.*t36;
t229 = jx.*t18.*t37;
t230 = jx.*t18.*t38;
t231 = jx.*t19.*t39;
t232 = jx.*t19.*t40;
t233 = jx.*t18.*t41;
t234 = jx.*t18.*t42;
t235 = jx.*t19.*t43;
t236 = jx.*t18.*t44;
t237 = jx.*t19.*t45;
t238 = jy.*t19.*t30;
t239 = jy.*t18.*t31;
t240 = jy.*t19.*t32;
t241 = jy.*t18.*t33;
t242 = jy.*t18.*t34;
t243 = jy.*t19.*t35;
t244 = jy.*t19.*t36;
t245 = jy.*t18.*t37;
t246 = jy.*t18.*t38;
t247 = jy.*t19.*t39;
t248 = jy.*t19.*t40;
t249 = jy.*t18.*t41;
t250 = jy.*t18.*t42;
t251 = jy.*t19.*t43;
t252 = jy.*t18.*t44;
t253 = jy.*t19.*t45;
t254 = jx.*t6.*t30.*2.0;
t255 = jx.*t6.*t32.*2.0;
t256 = jx.*t6.*t35.*2.0;
t257 = jx.*t6.*t39.*2.0;
t258 = jx.*t12.*t33.*2.0;
t259 = jx.*t12.*t37.*2.0;
t260 = jx.*t12.*t41.*2.0;
t261 = jx.*t12.*t44.*2.0;
t262 = jy.*t9.*t30.*2.0;
t263 = jy.*t9.*t32.*2.0;
t264 = jy.*t12.*t31.*2.0;
t265 = jy.*t9.*t35.*2.0;
t266 = jy.*t12.*t34.*2.0;
t267 = jy.*t9.*t39.*2.0;
t268 = jy.*t12.*t38.*2.0;
t269 = jy.*t12.*t42.*2.0;
t270 = t16+t28;
t271 = jx.*q1.*q2.*t30.*-2.0;
t272 = jx.*q0.*q3.*t31.*-2.0;
t273 = jx.*q1.*q2.*t32.*-2.0;
t274 = jx.*q0.*q3.*t33.*-2.0;
t275 = jx.*q0.*q3.*t34.*-2.0;
t276 = jx.*q1.*q2.*t35.*-2.0;
t277 = jx.*q1.*q2.*t36.*-2.0;
t278 = jx.*q0.*q3.*t37.*-2.0;
t279 = jx.*q0.*q3.*t38.*-2.0;
t280 = jx.*q1.*q2.*t39.*-2.0;
t281 = jx.*q1.*q2.*t40.*-2.0;
t282 = jx.*q0.*q3.*t41.*-2.0;
t283 = jx.*q0.*q3.*t42.*-2.0;
t284 = jx.*q1.*q2.*t43.*-2.0;
t285 = jx.*q0.*q3.*t44.*-2.0;
t286 = jx.*q1.*q2.*t45.*-2.0;
t287 = jy.*q0.*q3.*t31.*-2.0;
t288 = jy.*q0.*q3.*t33.*-2.0;
t289 = jy.*q0.*q3.*t34.*-2.0;
t290 = jy.*q1.*q2.*t35.*-2.0;
t291 = jy.*q0.*q3.*t37.*-2.0;
t292 = jy.*q1.*q2.*t39.*-2.0;
t293 = jy.*q1.*q2.*t43.*-2.0;
t294 = jy.*q1.*q2.*t45.*-2.0;
t295 = V1.*l.*t6.*t30.*2.0;
t296 = V1.*l.*t9.*t30.*2.0;
t297 = V1.*l.*t6.*t32.*2.0;
t298 = V1.*l.*t12.*t30.*2.0;
t299 = V1.*l.*t9.*t31.*2.0;
