function cU2 = Usp(in1,in2,in3,in4,in5)
%US
%    CU2 = US(IN1,IN2,IN3,IN4,IN5)

%    This function was generated by the Symbolic Math Toolbox version 8.4.
%    16-Mar-2020 13:08:27

V1 = in3(:,1);
V2 = in4(1,:);
V3 = in4(2,:);
V4 = in4(3,:);
dV1 = in3(:,2);
ddV1 = in3(:,3);
ddXd3 = in2(:,11);
ddXd4 = in2(:,12);
dddXd3 = in2(:,15);
ddddXd1 = in2(:,17);
ddddXd2 = in2(:,18);
ddddXd3 = in2(:,19);
gravity = in5(:,6);
jx = in5(:,3);
jy = in5(:,4);
jz = in5(:,5);
km1 = in5(:,7);
km2 = in5(:,8);
km3 = in5(:,9);
km4 = in5(:,10);
l = in5(:,2);
m = in5(:,1);
o1 = in1(11,:);
o2 = in1(12,:);
o3 = in1(13,:);
q0 = in1(1,:);
q1 = in1(2,:);
q2 = in1(3,:);
q3 = in1(4,:);
t2 = dV1+dddXd3;
t3 = ddV1+ddddXd3;
t4 = q0.*q1;
t5 = q0.*q2;
t6 = q1.*q3;
t7 = q2.*q3;
t8 = q0.^2;
t9 = q0.^3;
t10 = q1.^2;
t12 = q1.^3;
t13 = q2.^2;
t15 = q2.^3;
t16 = q3.^2;
t18 = q3.^3;
t20 = q0.*q3.*2.0;
t21 = q1.*q2.*2.0;
t22 = V1+ddXd3+gravity;
t23 = jx.*o1.*o3;
t24 = jy.*o2.*o3;
t25 = jz.*o1.*o3;
t26 = jz.*o2.*o3;
t27 = -jy;
t28 = 1.0./jx;
t29 = 1.0./jy;
t30 = 1.0./jz;
t32 = sqrt(2.0);
t84 = (o1.*q0)./2.0;
t85 = (o1.*q1)./2.0;
t86 = (o2.*q0)./2.0;
t87 = (o1.*q2)./2.0;
t88 = (o2.*q1)./2.0;
t89 = (o3.*q0)./2.0;
t90 = (o1.*q3)./2.0;
t91 = (o2.*q2)./2.0;
t92 = (o3.*q1)./2.0;
t93 = (o2.*q3)./2.0;
t94 = (o3.*q2)./2.0;
t95 = (o3.*q3)./2.0;
t11 = t8.^2;
t14 = t10.^2;
t17 = t13.^2;
t19 = t16.^2;
t31 = -t7;
t33 = km1.*t8;
t34 = km1.*t10;
t35 = km2.*t8;
t36 = km1.*t13;
t37 = km2.*t10;
t38 = km3.*t8;
t39 = km1.*t16;
t40 = km2.*t13;
t41 = km3.*t10;
t42 = km4.*t8;
t43 = km2.*t16;
t44 = km3.*t13;
t45 = km4.*t10;
t46 = km3.*t16;
t47 = km4.*t13;
t48 = km4.*t16;
t81 = -t10;
t82 = -t13;
t83 = -t16;
t96 = jx+t27;
t97 = -t25;
t98 = -t26;
t99 = t4.*t7.*8.0;
t100 = -t87;
t101 = -t92;
t102 = -t93;
t151 = t5+t6;
t152 = t4.^2.*2.0;
t153 = t5.^2.*2.0;
t154 = t8.*t16.*2.0;
t155 = t10.*t13.*2.0;
t156 = t6.^2.*2.0;
t157 = t7.^2.*2.0;
t174 = jx.*km1.*q0.*t18.*2.0;
t175 = jx.*km1.*q1.*t15.*2.0;
t176 = jx.*km1.*q3.*t9.*2.0;
t177 = jx.*km1.*q2.*t12.*2.0;
t178 = jx.*km2.*q0.*t18.*2.0;
t179 = jx.*km2.*q1.*t15.*2.0;
t180 = jx.*km2.*q3.*t9.*2.0;
t181 = jx.*km2.*q2.*t12.*2.0;
t182 = jx.*km3.*q0.*t18.*2.0;
t183 = jx.*km3.*q1.*t15.*2.0;
t184 = jx.*km3.*q3.*t9.*2.0;
t185 = jx.*km3.*q2.*t12.*2.0;
t186 = jx.*km4.*q0.*t18.*2.0;
t187 = jx.*km4.*q1.*t15.*2.0;
t188 = jx.*km4.*q3.*t9.*2.0;
t189 = jx.*km4.*q2.*t12.*2.0;
t190 = jy.*km1.*q0.*t18.*2.0;
t191 = jy.*km1.*q1.*t15.*2.0;
t192 = jy.*km1.*q3.*t9.*2.0;
t193 = jy.*km1.*q2.*t12.*2.0;
t194 = jy.*km2.*q0.*t18.*2.0;
t195 = jy.*km2.*q1.*t15.*2.0;
t196 = jy.*km2.*q3.*t9.*2.0;
t197 = jy.*km2.*q2.*t12.*2.0;
t198 = jy.*km3.*q0.*t18.*2.0;
t199 = jy.*km3.*q1.*t15.*2.0;
t200 = jy.*km3.*q3.*t9.*2.0;
t201 = jy.*km3.*q2.*t12.*2.0;
t202 = jy.*km4.*q0.*t18.*2.0;
t203 = jy.*km4.*q1.*t15.*2.0;
t204 = jy.*km4.*q3.*t9.*2.0;
t205 = jy.*km4.*q2.*t12.*2.0;
t225 = t20+t21;
t226 = jx.*km1.*t4.*t5.*2.0;
t227 = jx.*km1.*t4.*t6.*2.0;
t228 = jx.*km2.*t4.*t5.*2.0;
t229 = jx.*km1.*t5.*t7.*2.0;
t230 = jx.*km2.*t4.*t6.*2.0;
t231 = jx.*km3.*t4.*t5.*2.0;
t232 = jx.*km1.*t6.*t7.*2.0;
t233 = jx.*km2.*t5.*t7.*2.0;
t234 = jx.*km3.*t4.*t6.*2.0;
t235 = jx.*km4.*t4.*t5.*2.0;
t236 = jx.*km2.*t6.*t7.*2.0;
t237 = jx.*km3.*t5.*t7.*2.0;
t238 = jx.*km4.*t4.*t6.*2.0;
t239 = jx.*km3.*t6.*t7.*2.0;
t240 = jx.*km4.*t5.*t7.*2.0;
t241 = jx.*km4.*t6.*t7.*2.0;
t242 = jy.*km1.*t4.*t5.*2.0;
t243 = jy.*km1.*t4.*t6.*2.0;
t244 = jy.*km2.*t4.*t5.*2.0;
t245 = jy.*km1.*t5.*t7.*2.0;
t246 = jy.*km2.*t4.*t6.*2.0;
t247 = jy.*km3.*t4.*t5.*2.0;
t248 = jy.*km1.*t6.*t7.*2.0;
t249 = jy.*km2.*t5.*t7.*2.0;
t250 = jy.*km3.*t4.*t6.*2.0;
t251 = jy.*km4.*t4.*t5.*2.0;
t252 = jy.*km2.*t6.*t7.*2.0;
t253 = jy.*km3.*t5.*t7.*2.0;
t254 = jy.*km4.*t4.*t6.*2.0;
t255 = jy.*km3.*t6.*t7.*2.0;
t256 = jy.*km4.*t5.*t7.*2.0;
t257 = jy.*km4.*t6.*t7.*2.0;
t373 = jx.*km1.*t4.^2.*-2.0;
t374 = jx.*km3.*t4.^2.*-2.0;
t375 = jx.*km2.*t7.^2.*-2.0;
t376 = jx.*km4.*t7.^2.*-2.0;
t377 = jy.*km1.*t5.^2.*-2.0;
t378 = jy.*km2.*t5.^2.*-2.0;
t379 = jy.*km3.*t5.^2.*-2.0;
t380 = jy.*km4.*t5.^2.*-2.0;
t388 = jz.*l.*t4.*t10.*t32.*2.0;
t389 = jz.*l.*t4.*t8.*t32.*2.0;
t390 = jz.*l.*t7.*t16.*t32.*2.0;
t391 = jz.*l.*t7.*t13.*t32.*2.0;
t392 = jz.*l.*t4.*t13.*t32.*2.0;
t393 = jz.*l.*t4.*t16.*t32.*2.0;
t394 = jz.*l.*q1.*q2.*t4.*t32.*4.0;
t395 = jz.*l.*t5.*t20.*t32;
t396 = jz.*l.*q0.*q3.*t4.*t32.*4.0;
t397 = jz.*l.*t6.*t21.*t32;
t398 = jz.*l.*t5.*t16.*t32.*4.0;
t399 = jz.*l.*t6.*t13.*t32.*4.0;
t406 = jz.*l.*q0.*q3.*t5.*t32.*-2.0;
t407 = jz.*l.*q1.*q2.*t6.*t32.*-2.0;
t408 = t85+t91+t95;
t49 = jx.*km1.*t11;
t50 = jx.*km1.*t14;
t51 = jx.*km2.*t11;
t52 = jx.*km1.*t17;
t53 = jx.*km2.*t14;
t54 = jx.*km3.*t11;
t55 = jx.*km1.*t19;
t56 = jx.*km2.*t17;
t57 = jx.*km3.*t14;
t58 = jx.*km4.*t11;
t59 = jx.*km2.*t19;
t60 = jx.*km3.*t17;
t61 = jx.*km4.*t14;
t62 = jx.*km3.*t19;
t63 = jx.*km4.*t17;
t64 = jx.*km4.*t19;
t65 = jy.*km1.*t11;
t66 = jy.*km1.*t14;
t67 = jy.*km2.*t11;
t68 = jy.*km1.*t17;
t69 = jy.*km2.*t14;
t70 = jy.*km3.*t11;
t71 = jy.*km1.*t19;
t72 = jy.*km2.*t17;
t73 = jy.*km3.*t14;
t74 = jy.*km4.*t11;
t75 = jy.*km2.*t19;
t76 = jy.*km3.*t17;
t77 = jy.*km4.*t14;
t78 = jy.*km3.*t19;
t79 = jy.*km4.*t17;
t80 = jy.*km4.*t19;
t103 = V1.*km1.*l.*t11;
t104 = V1.*km1.*l.*t14;
t105 = V1.*km2.*l.*t11;
t106 = V1.*km1.*l.*t17;
t107 = V1.*km2.*l.*t14;
t108 = V1.*km3.*l.*t11;
t109 = V1.*km1.*l.*t19;
t110 = V1.*km2.*l.*t17;
t111 = V1.*km3.*l.*t14;
t112 = V1.*km4.*l.*t11;
t113 = V1.*km2.*l.*t19;
t114 = V1.*km3.*l.*t17;
t115 = V1.*km4.*l.*t14;
t116 = V1.*km3.*l.*t19;
t117 = V1.*km4.*l.*t17;
t118 = V1.*km4.*l.*t19;
t119 = ddXd3.*km1.*l.*t11;
t120 = ddXd3.*km1.*l.*t14;
t121 = ddXd3.*km2.*l.*t11;
t122 = ddXd3.*km1.*l.*t17;
t123 = ddXd3.*km2.*l.*t14;
t124 = ddXd3.*km3.*l.*t11;
t125 = ddXd3.*km1.*l.*t19;
t126 = ddXd3.*km2.*l.*t17;
t127 = ddXd3.*km3.*l.*t14;
t128 = ddXd3.*km4.*l.*t11;
t129 = ddXd3.*km2.*l.*t19;
t130 = ddXd3.*km3.*l.*t17;
t131 = ddXd3.*km4.*l.*t14;
t132 = ddXd3.*km3.*l.*t19;
t133 = ddXd3.*km4.*l.*t17;
t134 = ddXd3.*km4.*l.*t19;
t135 = gravity.*km1.*l.*t11;
t136 = gravity.*km1.*l.*t14;
t137 = gravity.*km2.*l.*t11;
t138 = gravity.*km1.*l.*t17;
t139 = gravity.*km2.*l.*t14;
t140 = gravity.*km3.*l.*t11;
t141 = gravity.*km1.*l.*t19;
t142 = gravity.*km2.*l.*t17;
t143 = gravity.*km3.*l.*t14;
t144 = gravity.*km4.*l.*t11;
t145 = gravity.*km2.*l.*t19;
t146 = gravity.*km3.*l.*t17;
t147 = gravity.*km4.*l.*t14;
t148 = gravity.*km3.*l.*t19;
t149 = gravity.*km4.*l.*t17;
t150 = gravity.*km4.*l.*t19;
t166 = km1.*t14.*t27;
t167 = km2.*t14.*t27;
t168 = km1.*t19.*t27;
t169 = km3.*t14.*t27;
t170 = km2.*t19.*t27;
t171 = km4.*t14.*t27;
t172 = km3.*t19.*t27;
t173 = km4.*t19.*t27;
t206 = -t153;
t207 = -t156;
t208 = -t174;
t209 = -t175;
t210 = -t176;
t211 = -t177;
t212 = -t182;
t213 = -t183;
t214 = -t184;
t215 = -t185;
t216 = -t191;
t217 = -t193;
t218 = -t195;
t219 = -t197;
t220 = -t198;
t221 = -t200;
t222 = -t202;
t223 = -t204;
t224 = t4+t31;
t258 = jx.*km1.*t152;
t259 = jx.*km2.*t152;
t260 = jx.*km3.*t152;
t261 = jx.*km4.*t152;
t262 = jx.*km1.*t157;
t263 = jx.*km2.*t157;
t264 = jx.*km3.*t157;
t265 = jx.*km4.*t157;
t266 = jy.*km1.*t153;
t267 = jy.*km2.*t153;
t268 = jy.*km1.*t156;
t269 = jy.*km3.*t153;
t270 = jy.*km2.*t156;
t271 = jy.*km4.*t153;
t272 = jy.*km3.*t156;
t273 = jy.*km4.*t156;
t274 = -t226;
t275 = -t227;
t276 = -t228;
t277 = -t229;
t278 = -t230;
t279 = -t231;
t280 = -t232;
t281 = -t233;
t282 = -t234;
t283 = -t235;
t284 = -t236;
t285 = -t237;
t286 = -t238;
t287 = -t239;
t288 = -t240;
t289 = -t241;
t290 = -t243;
t291 = -t245;
t292 = -t246;
t293 = -t247;
t294 = -t249;
t295 = -t251;
t296 = -t255;
t297 = -t257;
t298 = V1.*km1.*l.*t152;
t299 = V1.*km1.*l.*t153;
t300 = V1.*km2.*l.*t152;
t301 = V1.*l.*t16.*t33.*2.0;
t302 = V1.*l.*t13.*t34.*2.0;
t303 = V1.*km2.*l.*t153;
t304 = V1.*km3.*l.*t152;
t305 = V1.*km1.*l.*t156;
t306 = V1.*l.*t16.*t35.*2.0;
t307 = V1.*l.*t13.*t37.*2.0;
t308 = V1.*km3.*l.*t153;
t309 = V1.*km4.*l.*t152;
t310 = V1.*km1.*l.*t157;
t311 = V1.*km2.*l.*t156;
t312 = V1.*l.*t16.*t38.*2.0;
t313 = V1.*l.*t13.*t41.*2.0;
