function V1 = Vfd(dt,in2,in3,in4,in5)
%Vfd
%    V1 = Vfd(DT,IN2,IN3,IN4,IN5)

%    This function was generated by the Symbolic Math Toolbox version 9.3.
%    2023/06/12 11:47:23

Xd3 = in3(:,3);
dp3 = in2(10,:);
f11 = in5(:,1);
f12 = in5(:,2);
p3 = in2(7,:);
t2 = dt.*f12;
t3 = dt.^2;
t5 = -p3;
t4 = f11.*t2;
t6 = Xd3+t5;
t7 = t2-1.0;
t9 = (f11.*t3)./2.0;
t10 = (dt.*t2)./2.0;
t8 = f12.*t7;
t11 = -t10;
t14 = t9-1.0;
t13 = dt+t11;
t16 = f11.*t14;
t15 = f11.*t13;
t17 = t4+t16;
t20 = dt.*f11.*(t8-t15);
t21 = t13.*t17;
t22 = t14.*t17;
t23 = -t7.*(t8-t15);
t24 = t20+t22;
t25 = t21+t23;
V1 = [-dp3.*f12+f11.*t6,-t6.*t17+dp3.*(t8-t15),dp3.*t25+t6.*t24,-t6.*(t14.*t24-dt.*f11.*t25)-dp3.*(t7.*t25+t13.*t24)];
end
