function cV1 = Vfd(dt,in2,in3,in4,in5)
%VFD
%    CV1 = VFD(DT,IN2,IN3,IN4,IN5)

%    This function was generated by the Symbolic Math Toolbox version 8.4.
%    16-Mar-2020 10:43:19

Xd3 = in3(:,3);
dXd3 = in3(:,7);
dp3 = in2(10,:);
f11 = in5(:,1);
f12 = in5(:,2);
p3 = in2(7,:);
t2 = dt.*f12;
t3 = dt.^2;
t5 = -dp3;
t6 = -p3;
t4 = f11.*t2;
t7 = Xd3+t6;
t8 = dXd3+t5;
t9 = t2-1.0;
t11 = (f11.*t3)./2.0;
t12 = (dt.*t2)./2.0;
t10 = f12.*t9;
t13 = -t12;
t16 = t11-1.0;
t14 = -t10;
t15 = dt+t13;
t18 = f11.*t16;
t17 = f11.*t15;
t19 = t4+t18;
t20 = t14+t17;
t21 = -dt.*f11.*(t10-t17);
t22 = dt.*f11.*(t10-t17);
t23 = t15.*t19;
t24 = t16.*t19;
t25 = -t9.*(t10-t17);
t26 = t22+t24;
t27 = t23+t25;
cV1 = [f11.*t7+f12.*t8,-t7.*t19-t8.*(t10-t17),t7.*t26-t8.*t27,-t7.*(t16.*t26-dt.*f11.*t27)+t8.*(t9.*t27+t15.*t26)];
