function cZ2 = Z2_SuspendedLoad(obj,in1,in2,in3,in4)
%Z2_SuspendedLoad
%    cZ2 = Z2_SuspendedLoad(IN1,IN2,IN3,IN4)

%    This function was generated by the Symbolic Math Toolbox version 24.1.
%    2024/04/30 19:52:53

V1 = in3(:,1);
Xd1 = in2(:,1);
cableL = in4(:,16);
dpl1 = in1(11,:);
gravity = in4(:,6);
m = in4(:,1);
mL = in4(:,15);
o1 = in1(5,:);
o2 = in1(6,:);
o3 = in1(7,:);
ol1 = in1(17,:);
ol2 = in1(18,:);
ol3 = in1(19,:);
pT1 = in1(14,:);
pT2 = in1(15,:);
pT3 = in1(16,:);
pl1 = in1(8,:);
q0 = in1(1,:);
q1 = in1(2,:);
q2 = in1(3,:);
q3 = in1(4,:);
t2 = V1+gravity;
t3 = m+mL;
t4 = ol1.*pT2;
t5 = ol2.*pT1;
t6 = ol1.*pT3;
t7 = ol3.*pT1;
t8 = ol2.*pT3;
t9 = ol3.*pT2;
t10 = pT1.^2;
t11 = q0.^2;
t12 = q1.^2;
t13 = q2.^2;
t14 = q3.^2;
t15 = pT1.*q0.*2.0;
t16 = pT1.*q1.*2.0;
t17 = pT2.*q0.*2.0;
t18 = pT1.*q2.*2.0;
t19 = pT2.*q1.*2.0;
t20 = pT3.*q0.*2.0;
t21 = pT1.*q3.*2.0;
t22 = pT2.*q2.*2.0;
t23 = pT3.*q1.*2.0;
t24 = pT2.*q3.*2.0;
t25 = pT3.*q2.*2.0;
t26 = pT3.*q3.*2.0;
t27 = q0.*q1.*2.0;
t28 = q0.*q2.*2.0;
t29 = q1.*q3.*2.0;
t30 = q2.*q3.*2.0;
t31 = 1.0./cableL;
t32 = 1.0./m;
t33 = 1.0./pT3;
t55 = pT2.*q0.*q1.*-2.0;
t34 = t33.^2;
t35 = t33.^3;
t37 = -t5;
t38 = -t7;
t39 = -t9;
t40 = -t19;
t41 = -t21;
t42 = -t25;
t43 = -t30;
t44 = pT3.*t11;
t45 = pT3.*t12;
t46 = pT3.*t13;
t47 = pT3.*t14;
t48 = q2.*t15;
t50 = q3.*t16;
t51 = q3.*t22;
t52 = -t12;
t53 = -t13;
t54 = 1.0./t3;
t58 = ol2.*t2.*t33;
t59 = ol3.*t2.*t33;
t64 = t28+t29;
t92 = t16+t22+t26;
t36 = t34.^2;
t56 = -t45;
t57 = -t46;
t60 = ol3.*t2.*t34;
t61 = t4+t37;
t62 = t6+t38;
t63 = t8+t39;
t65 = ol1.*pT1.*t2.*t34;
t66 = t2.*t5.*t34;
t67 = t27+t43;
t68 = t2.*t10.*t34;
t69 = ol1.*pT1.*t2.*t35.*2.0;
t70 = t2.*t5.*t35.*2.0;
t74 = pT2.*t64;
t75 = pT3.*t64;
t96 = t18+t20+t40;
t97 = t17+t23+t41;
t98 = t15+t24+t42;
t104 = t11+t14+t52+t53;
t71 = t61.^2;
t72 = t62.^2;
t73 = t63.^2;
t78 = ol1.*t61.*2.0;
t79 = ol2.*t61.*2.0;
t80 = ol1.*t62.*2.0;
t81 = ol3.*t62.*2.0;
t82 = ol2.*t63.*2.0;
t83 = ol3.*t63.*2.0;
t84 = pT1.*t61.*2.0;
t85 = pT2.*t61.*2.0;
t86 = pT1.*t62.*2.0;
t87 = pT3.*t62.*2.0;
t88 = pT2.*t63.*2.0;
t89 = pT3.*t63.*2.0;
t90 = pT1.*t67;
t91 = pT3.*t67;
t99 = t2+t68;
t100 = t2.*t34.*t61;
t101 = t2.*t34.*t63;
t102 = t2.*t35.*t61.*2.0;
t106 = t59+t65;
t107 = pT1.*t104;
t108 = pT2.*t104;
t109 = t60+t69;
t125 = t44+t47+t48+t50+t51+t55+t56+t57;
t93 = -t83;
t94 = -t89;
t103 = -t101;
t105 = t2.*t35.*t84;
t110 = t74+t90;
t111 = t79+t81;
t112 = t80+t82;
t113 = t85+t87;
t114 = t86+t88;
t119 = t71+t72+t73;
t120 = t91+t108;
t128 = 1.0./t125;
t115 = t78+t93;
t116 = t84+t94;
t122 = cableL.*m.*pT3.*t54.*t112;
t123 = cableL.*m.*t54.*t119;
t127 = t58+t103+t105;
t129 = t128.^2;
t124 = pT3.*t123;
t130 = t122+t123;
t126 = t2+t124;
et1 = t61;
et2 = ol1.*t106-t62.*t109+ol2.*(t66-t100)-t63.*(t70-t102)-t61.*(ol2.*t2.*t34.*2.0-t2.*t35.*t63.*2.0+pT1.*t2.*t36.*t61.*6.0)+t3.*t31.*t32.*t34.*t99.*t126.*t128.*(t75-t107)-t3.*t31.*t32.*t33.*t99.*t128.*t130.*(t75-t107)-t3.*t31.*t32.*t33.*t64.*t99.*t126.*t128+pT2.*t2.*t3.*t31.*t32.*t35.*t90.*t126.*t128+pT2.*t2.*t3.*t31.*t32.*t35.*t110.*t126.*t128.*2.0-pT2.*t2.*t3.*t31.*t32.*t34.*t110.*t128.*t130+t2.*t3.*t31.*t32.*t34.*t108.*t110.*t126.*t129+t2.*t3.*t10.*t31.*t32.*t36.*t126.*t128.*(t75-t107).*2.0+t3.*t31.*t32.*t33.*t99.*t104.*t126.*t129.*(t75-t107)-pT1.*pT2.*t2.*t3.*t31.*t32.*t36.*t120.*t126.*t128.*3.0+pT1.*pT2.*t2.*t3.*t31.*t32.*t35.*t120.*t128.*t130-pT2.*t2.*t3.*t31.*t32.*t35.*t107.*t120.*t126.*t129;
et3 = -((o1.*q1)./2.0+(o2.*q2)./2.0+(o3.*q3)./2.0).*(t3.*t31.*t32.*t33.*t99.*t126.*t128.*(t15+t42)-pT2.*t2.*t3.*t31.*t32.*t34.*t126.*t128.*(t16+t22)+t3.*t31.*t32.*t33.*t96.*t99.*t126.*t129.*(t75-t107)+pT1.*pT2.*t2.*t3.*t31.*t32.*t35.*t126.*t128.*(t17+t23)+pT2.*t2.*t3.*t31.*t32.*t34.*t96.*t110.*t126.*t129-pT1.*pT2.*t2.*t3.*t31.*t32.*t35.*t96.*t120.*t126.*t129);
et4 = -((o2.*q0)./2.0+(o1.*q3)./2.0-(o3.*q1)./2.0).*(t3.*t31.*t32.*t33.*t99.*t126.*t128.*(t18+t20)+pT2.*t2.*t3.*t31.*t32.*t34.*t126.*t128.*(t17+t41)-t3.*t31.*t32.*t33.*t98.*t99.*t126.*t129.*(t75-t107)+pT1.*pT2.*t2.*t3.*t31.*t32.*t35.*t126.*t128.*(t22+t26)-pT2.*t2.*t3.*t31.*t32.*t34.*t98.*t110.*t126.*t129+pT1.*pT2.*t2.*t3.*t31.*t32.*t35.*t98.*t120.*t126.*t129);
et5 = t63.*(-ol3.*t106-ol2.*t127-t61.*(t70-t102)+t2.*t34.*t82+ol1.*t2.*t34.*t62+t99.*t111.*t128.*(t75-t107)+pT2.*t2.*t33.*t110.*t111.*t128-pT1.*pT2.*t2.*t34.*t111.*t120.*t128+t3.*t31.*t32.*t33.*t99.*t104.*t126.*t128-pT2.*t2.*t3.*t31.*t32.*t34.*t67.*t126.*t128+pT2.*t2.*t3.*t31.*t32.*t35.*t120.*t126.*t128+t2.*t3.*t31.*t32.*t34.*t74.*t110.*t126.*t129-pT1.*t2.*t3.*t31.*t32.*t35.*t126.*t128.*(t75-t107).*2.0+t3.*t31.*t32.*t33.*t64.*t99.*t126.*t129.*(t75-t107)-pT1.*t2.*t3.*t31.*t32.*t35.*t74.*t120.*t126.*t129)+et1.*et2;
et6 = t62.*(ol1.*t101-ol1.*t127-t61.*t109+ol3.*(t66-t100)+t99.*t115.*t128.*(t75-t107)+pT2.*t2.*t33.*t110.*t115.*t128-pT1.*pT2.*t2.*t34.*t115.*t120.*t128+t2.*t3.*t31.*t32.*t34.*t74.*t126.*t128+t2.*t3.*t31.*t32.*t34.*t110.*t126.*t128-pT2.*t2.*t3.*t31.*t32.*t35.*t107.*t126.*t128-pT1.*t2.*t3.*t31.*t32.*t35.*t120.*t126.*t128+t3.*t31.*t32.*t33.*t67.*t99.*t126.*t129.*(t75-t107)+pT2.*t2.*t3.*t31.*t32.*t34.*t67.*t110.*t126.*t129-pT2.*t2.*t3.*t31.*t32.*t35.*t90.*t120.*t126.*t129);
et7 = -((o1.*q0)./2.0-(o2.*q3)./2.0+(o3.*q2)./2.0).*(t3.*t31.*t32.*t33.*t99.*t126.*t128.*(t16+t26)+pT2.*t2.*t3.*t31.*t32.*t34.*t126.*t128.*(t15+t24)+t3.*t31.*t32.*t33.*t97.*t99.*t126.*t129.*(t75-t107)+pT1.*pT2.*t2.*t3.*t31.*t32.*t35.*t126.*t128.*(t19-t20)+pT2.*t2.*t3.*t31.*t32.*t34.*t97.*t110.*t126.*t129-pT1.*pT2.*t2.*t3.*t31.*t32.*t35.*t97.*t120.*t126.*t129);
et8 = (o1.*q2.*(-1.0./2.0)+(o2.*q1)./2.0+(o3.*q0)./2.0).*(t3.*t31.*t32.*t33.*t99.*t126.*t128.*(t21-t23)+pT2.*t2.*t3.*t31.*t32.*t34.*t126.*t128.*(t18+t40)+t3.*t31.*t32.*t33.*t92.*t99.*t126.*t129.*(t75-t107)+pT1.*pT2.*t2.*t3.*t31.*t32.*t35.*t126.*t128.*(t24+t42)+pT2.*t2.*t3.*t31.*t32.*t34.*t92.*t110.*t126.*t129-pT1.*pT2.*t2.*t3.*t31.*t32.*t35.*t92.*t120.*t126.*t129)-t3.*t31.*t32.*t33.*t120.*t126.*t128.*(pT2.*t103+pT2.*t105+pT3.*t106+pT2.*t127+pT1.*t2.*t34.*t62-t99.*t113.*t128.*(t75-t107)-pT2.*t2.*t33.*t110.*t113.*t128+pT1.*pT2.*t2.*t34.*t113.*t120.*t128);
et9 = -t3.*t31.*t32.*t33.*t126.*t128.*(t75-t107).*(pT1.*t101.*2.0-pT1.*t127+pT3.*(t66-t100)-t2.*t10.*t35.*t61.*2.0+t99.*t116.*t128.*(t75-t107)+pT2.*t2.*t33.*t110.*t116.*t128-pT1.*pT2.*t2.*t34.*t116.*t120.*t128)+t3.*t31.*t32.*t33.*t110.*t126.*t128.*(pT2.*t100-pT1.*t106-pT2.*(t66-t100)+t2.*t33.*t62+t99.*t114.*t128.*(t75-t107)+pT2.*t2.*t33.*t110.*t114.*t128-pT1.*pT2.*t2.*t34.*t114.*t120.*t128);
cZ2 = [-Xd1+pl1;dpl1;pT1.*t2.*t33;-pT1.*t100+t2.*t33.*t63;t62.*t106+t61.*t127+t63.*(t66-t100)-t3.*t31.*t32.*t33.*t99.*t126.*t128.*(t75-t107)-pT2.*t2.*t3.*t31.*t32.*t34.*t110.*t126.*t128+pT1.*pT2.*t2.*t3.*t31.*t32.*t35.*t120.*t126.*t128;et3+et4+et5+et6+et7+et8+et9];
end
