function cZ2 = Z2_SuspendedLoad(obj,in1,in2,in3,in4)
%Z2_SuspendedLoad
%    cZ2 = Z2_SuspendedLoad(IN1,IN2,IN3,IN4)

%    This function was generated by the Symbolic Math Toolbox version 24.1.
%    2024/10/16 17:38:06

V1 = in3(:,1);
Xd1 = in2(:,1);
cableL = in4(:,16);
d2V1 = in3(:,3);
d3V1 = in3(:,4);
d2Xd1 = in2(:,9);
d2Xd3 = in2(:,11);
d3Xd1 = in2(:,13);
d3Xd3 = in2(:,15);
d4Xd1 = in2(:,17);
d4Xd3 = in2(:,19);
d5Xd1 = in2(:,21);
d5Xd3 = in2(:,23);
dV1 = in3(:,2);
dXd1 = in2(:,5);
dpl1 = in1(11,:);
gravity = in4(:,6);
m = in4(:,1);
mL = in4(:,15);
o1 = in1(5,:);
o2 = in1(6,:);
o3 = in1(7,:);
ol1 = in1(17,:);
ol2 = in1(18,:);
ol3 = in1(19,:);
pT1 = in1(14,:);
pT2 = in1(15,:);
pT3 = in1(16,:);
pl1 = in1(8,:);
q0 = in1(1,:);
q1 = in1(2,:);
q2 = in1(3,:);
q3 = in1(4,:);
t2 = d2V1+d4Xd3;
t3 = d3Xd3+dV1;
t4 = m+mL;
t5 = ol1.*pT2;
t6 = ol2.*pT1;
t7 = ol1.*pT3;
t8 = ol3.*pT1;
t9 = ol2.*pT3;
t10 = ol3.*pT2;
t11 = pT1.^2;
t12 = q0.^2;
t13 = q1.^2;
t14 = q2.^2;
t15 = q3.^2;
t16 = pT1.*q0.*2.0;
t17 = pT1.*q1.*2.0;
t18 = pT2.*q0.*2.0;
t19 = pT1.*q2.*2.0;
t20 = pT2.*q1.*2.0;
t21 = pT3.*q0.*2.0;
t22 = pT1.*q3.*2.0;
t23 = pT2.*q2.*2.0;
t24 = pT3.*q1.*2.0;
t25 = pT2.*q3.*2.0;
t26 = pT3.*q2.*2.0;
t27 = pT3.*q3.*2.0;
t28 = q0.*q1.*2.0;
t29 = q0.*q2.*2.0;
t30 = q1.*q3.*2.0;
t31 = q2.*q3.*2.0;
t32 = V1+d2Xd3+gravity;
t33 = 1.0./cableL;
t34 = 1.0./m;
t35 = 1.0./pT3;
t57 = pT2.*q0.*q1.*-2.0;
t36 = t35.^2;
t37 = t35.^3;
t39 = -t6;
t40 = -t8;
t41 = -t10;
t42 = -t20;
t43 = -t22;
t44 = -t26;
t45 = -t31;
t46 = pT3.*t12;
t47 = pT3.*t13;
t48 = pT3.*t14;
t49 = pT3.*t15;
t50 = q2.*t16;
t52 = q3.*t17;
t53 = q3.*t23;
t54 = -t13;
t55 = -t14;
t56 = 1.0./t4;
t60 = t2.*t35;
t61 = t3.*t35;
t70 = t29+t30;
t71 = ol2.*t32.*t35;
t72 = ol3.*t32.*t35;
t104 = t17+t23+t27;
t38 = t36.^2;
t58 = -t47;
t59 = -t48;
t62 = t3.*t36;
t63 = ol2.*t61;
t64 = ol3.*t61;
t65 = pT1.*t2.*t36;
t67 = t5+t39;
t68 = t7+t40;
t69 = t9+t41;
t73 = ol3.*t32.*t36;
t76 = t28+t45;
t81 = ol1.*pT1.*t32.*t36;
t82 = t6.*t32.*t36;
t83 = pT2.*t70;
t84 = pT3.*t70;
t87 = t11.*t32.*t36;
t88 = ol1.*pT1.*t32.*t37.*2.0;
t89 = t6.*t32.*t37.*2.0;
t108 = t19+t21+t42;
t109 = t18+t24+t43;
t110 = t16+t25+t44;
t116 = t12+t15+t54+t55;
t66 = pT1.*t62;
t75 = t6.*t62;
t77 = t11.*t62;
t78 = t67.^2;
t79 = t68.^2;
t80 = t69.^2;
t90 = ol1.*t67.*2.0;
t91 = ol2.*t67.*2.0;
t92 = ol1.*t68.*2.0;
t93 = ol3.*t68.*2.0;
t94 = ol2.*t69.*2.0;
t95 = ol3.*t69.*2.0;
t96 = pT1.*t67.*2.0;
t97 = pT2.*t67.*2.0;
t98 = pT1.*t68.*2.0;
t99 = pT3.*t68.*2.0;
t100 = pT2.*t69.*2.0;
t101 = pT3.*t69.*2.0;
t102 = pT1.*t76;
t103 = pT3.*t76;
t111 = t32+t87;
t112 = t62.*t67;
t113 = t62.*t69;
t114 = t32.*t36.*t67;
t115 = t32.*t36.*t69;
t117 = t32.*t37.*t67.*2.0;
t124 = pT1.*t116;
t125 = pT2.*t116;
t126 = t72+t81;
t127 = t73+t88;
t143 = t46+t49+t50+t52+t53+t57+t58+t59;
t74 = ol1.*t66;
t86 = -t66;
t105 = -t95;
t106 = -t101;
t118 = t3.*t37.*t96;
t119 = -t114;
t120 = -t117;
t128 = t83+t102;
t129 = t91+t93;
t130 = t92+t94;
t131 = t97+t99;
t132 = t98+t100;
t135 = t78+t79+t80;
t136 = t103+t125;
t145 = 1.0./t143;
t133 = t90+t105;
t134 = t96+t106;
t138 = cableL.*m.*pT3.*t56.*t130;
t139 = t61+t82+t119;
t140 = t62+t89+t120;
t141 = cableL.*m.*t56.*t135;
t146 = t145.^2;
t142 = pT3.*t141;
t148 = t138+t141;
t144 = t32+t142;
et1 = t63-t65-t113+t118+ol1.*t126+ol2.*t139-t68.*t127-t69.*t140-t67.*(ol2.*t32.*t36.*2.0-pT1.*t3.*t37.*2.0-t32.*t37.*t69.*2.0+pT1.*t32.*t38.*t67.*6.0)+t4.*t33.*t34.*t36.*t111.*t144.*t145.*(t84-t124)-t4.*t33.*t34.*t35.*t111.*t145.*t148.*(t84-t124)-t4.*t33.*t34.*t35.*t70.*t111.*t144.*t145+pT2.*t4.*t32.*t33.*t34.*t37.*t102.*t144.*t145+pT2.*t4.*t32.*t33.*t34.*t37.*t128.*t144.*t145.*2.0-pT2.*t4.*t32.*t33.*t34.*t36.*t128.*t145.*t148+t4.*t32.*t33.*t34.*t36.*t125.*t128.*t144.*t146+t4.*t11.*t32.*t33.*t34.*t38.*t144.*t145.*(t84-t124).*2.0+t4.*t33.*t34.*t35.*t111.*t116.*t144.*t146.*(t84-t124)-pT1.*pT2.*t4.*t32.*t33.*t34.*t38.*t136.*t144.*t145.*3.0+pT1.*pT2.*t4.*t32.*t33.*t34.*t37.*t136.*t145.*t148;
et2 = -pT2.*t4.*t32.*t33.*t34.*t37.*t124.*t136.*t144.*t146;
et3 = -d5Xd1+t68.*(t64+t74)+t68.*(t64+t74+ol1.*(t66-t71+t115-pT1.*t32.*t37.*t67.*2.0)+ol1.*t115+ol3.*t139-t67.*t127+t111.*t133.*t145.*(t84-t124)+pT2.*t32.*t35.*t128.*t133.*t145-pT1.*pT2.*t32.*t36.*t133.*t136.*t145+t4.*t32.*t33.*t34.*t36.*t83.*t144.*t145+t4.*t32.*t33.*t34.*t36.*t128.*t144.*t145-pT2.*t4.*t32.*t33.*t34.*t37.*t124.*t144.*t145-pT1.*t4.*t32.*t33.*t34.*t37.*t136.*t144.*t145+t4.*t33.*t34.*t35.*t76.*t111.*t144.*t146.*(t84-t124)+pT2.*t4.*t32.*t33.*t34.*t36.*t76.*t128.*t144.*t146-pT2.*t4.*t32.*t33.*t34.*t37.*t102.*t136.*t144.*t146)+t60.*t69-t65.*t67+t67.*(et1+et2);
et4 = -((o1.*q1)./2.0+(o2.*q2)./2.0+(o3.*q3)./2.0).*(t4.*t33.*t34.*t35.*t111.*t144.*t145.*(t16+t44)-pT2.*t4.*t32.*t33.*t34.*t36.*t144.*t145.*(t17+t23)+t4.*t33.*t34.*t35.*t108.*t111.*t144.*t146.*(t84-t124)+pT1.*pT2.*t4.*t32.*t33.*t34.*t37.*t144.*t145.*(t18+t24)+pT2.*t4.*t32.*t33.*t34.*t36.*t108.*t128.*t144.*t146-pT1.*pT2.*t4.*t32.*t33.*t34.*t37.*t108.*t136.*t144.*t146);
et5 = -((o2.*q0)./2.0+(o1.*q3)./2.0-(o3.*q1)./2.0).*(t4.*t33.*t34.*t35.*t111.*t144.*t145.*(t19+t21)+pT2.*t4.*t32.*t33.*t34.*t36.*t144.*t145.*(t18+t43)-t4.*t33.*t34.*t35.*t110.*t111.*t144.*t146.*(t84-t124)+pT1.*pT2.*t4.*t32.*t33.*t34.*t37.*t144.*t145.*(t23+t27)-pT2.*t4.*t32.*t33.*t34.*t36.*t110.*t128.*t144.*t146+pT1.*pT2.*t4.*t32.*t33.*t34.*t37.*t110.*t136.*t144.*t146)+t67.*(t63-t65-t113+t118);
et6 = -((o1.*q0)./2.0-(o2.*q3)./2.0+(o3.*q2)./2.0).*(t4.*t33.*t34.*t35.*t111.*t144.*t145.*(t17+t27)+pT2.*t4.*t32.*t33.*t34.*t36.*t144.*t145.*(t16+t25)+t4.*t33.*t34.*t35.*t109.*t111.*t144.*t146.*(t84-t124)+pT1.*pT2.*t4.*t32.*t33.*t34.*t37.*t144.*t145.*(t20-t21)+pT2.*t4.*t32.*t33.*t34.*t36.*t109.*t128.*t144.*t146-pT1.*pT2.*t4.*t32.*t33.*t34.*t37.*t109.*t136.*t144.*t146);
et7 = (o1.*q2.*(-1.0./2.0)+(o2.*q1)./2.0+(o3.*q0)./2.0).*(t4.*t33.*t34.*t35.*t111.*t144.*t145.*(t22-t24)+pT2.*t4.*t32.*t33.*t34.*t36.*t144.*t145.*(t19+t42)+t4.*t33.*t34.*t35.*t104.*t111.*t144.*t146.*(t84-t124)+pT1.*pT2.*t4.*t32.*t33.*t34.*t37.*t144.*t145.*(t25+t44)+pT2.*t4.*t32.*t33.*t34.*t36.*t104.*t128.*t144.*t146-pT1.*pT2.*t4.*t32.*t33.*t34.*t37.*t104.*t136.*t144.*t146);
et8 = t69.*(t60+t75-t112+ol2.*(t66-t71+t115-pT1.*t32.*t37.*t67.*2.0)-ol3.*t126-t67.*t140+t32.*t36.*t94+ol1.*t32.*t36.*t68+t111.*t129.*t145.*(t84-t124)+pT2.*t32.*t35.*t128.*t129.*t145-pT1.*pT2.*t32.*t36.*t129.*t136.*t145+t4.*t33.*t34.*t35.*t111.*t116.*t144.*t145-pT2.*t4.*t32.*t33.*t34.*t36.*t76.*t144.*t145+pT2.*t4.*t32.*t33.*t34.*t37.*t136.*t144.*t145+t4.*t32.*t33.*t34.*t36.*t83.*t128.*t144.*t146-pT1.*t4.*t32.*t33.*t34.*t37.*t144.*t145.*(t84-t124).*2.0+t4.*t33.*t34.*t35.*t70.*t111.*t144.*t146.*(t84-t124)-pT1.*t4.*t32.*t33.*t34.*t37.*t83.*t136.*t144.*t146)+t69.*(t60+t75-t112)+pT1.*t35.*(d3V1+d5Xd3)-t4.*t33.*t34.*t61.*t111.*t145.*(t84-t124);
et9 = -t4.*t33.*t34.*t35.*t144.*t145.*(t3+t77).*(t84-t124)+t4.*t33.*t34.*t35.*t136.*t144.*t145.*(pT2.*(t66-t71+t115-pT1.*t32.*t37.*t67.*2.0)+pT2.*t66+pT2.*t115-pT3.*t126-pT1.*t32.*t36.*t68+t111.*t131.*t145.*(t84-t124)-pT1.*pT2.*t32.*t37.*t67.*2.0+pT2.*t32.*t35.*t128.*t131.*t145-pT1.*pT2.*t32.*t36.*t131.*t136.*t145)-t4.*t33.*t34.*t35.*t128.*t144.*t145.*(pT2.*t61+pT2.*t119+pT1.*t126+pT2.*t139-t32.*t35.*t68-t111.*t132.*t145.*(t84-t124)-pT2.*t32.*t35.*t128.*t132.*t145+pT1.*pT2.*t32.*t36.*t132.*t136.*t145);
et10 = -t4.*t33.*t34.*t35.*t144.*t145.*(t84-t124).*(t3+t77+pT1.*(t66-t71+t115-pT1.*t32.*t37.*t67.*2.0)+pT1.*t115.*2.0+pT3.*t139-t11.*t32.*t37.*t67.*2.0+t111.*t134.*t145.*(t84-t124)+pT2.*t32.*t35.*t128.*t134.*t145-pT1.*pT2.*t32.*t36.*t134.*t136.*t145)-pT2.*t4.*t32.*t33.*t34.*t62.*t128.*t145-pT2.*t4.*t33.*t34.*t62.*t128.*t144.*t145+pT1.*pT2.*t3.*t4.*t32.*t33.*t34.*t37.*t136.*t145+pT1.*pT2.*t3.*t4.*t33.*t34.*t37.*t136.*t144.*t145;
