function cZ3 = Z3_SuspendedLoad(obj,in1,in2,in3,in4)
%Z3_SuspendedLoad
%    cZ3 = Z3_SuspendedLoad(IN1,IN2,IN3,IN4)

%    This function was generated by the Symbolic Math Toolbox version 24.1.
%    2024/04/30 19:53:28

V1 = in3(:,1);
Xd2 = in2(:,2);
cableL = in4(:,16);
dpl2 = in1(12,:);
gravity = in4(:,6);
m = in4(:,1);
mL = in4(:,15);
o1 = in1(5,:);
o2 = in1(6,:);
o3 = in1(7,:);
ol1 = in1(17,:);
ol2 = in1(18,:);
ol3 = in1(19,:);
pT1 = in1(14,:);
pT2 = in1(15,:);
pT3 = in1(16,:);
pl2 = in1(9,:);
q0 = in1(1,:);
q1 = in1(2,:);
q2 = in1(3,:);
q3 = in1(4,:);
t2 = V1+gravity;
t3 = m+mL;
t4 = ol1.*pT2;
t5 = ol2.*pT1;
t6 = ol1.*pT3;
t7 = ol3.*pT1;
t8 = ol2.*pT3;
t9 = ol3.*pT2;
t10 = pT2.^2;
t11 = q0.^2;
t12 = q1.^2;
t13 = q2.^2;
t14 = q3.^2;
t15 = pT1.*q0.*2.0;
t16 = pT1.*q1.*2.0;
t17 = pT2.*q0.*2.0;
t18 = pT1.*q2.*2.0;
t19 = pT2.*q1.*2.0;
t20 = pT3.*q0.*2.0;
t21 = pT1.*q3.*2.0;
t22 = pT2.*q2.*2.0;
t23 = pT3.*q1.*2.0;
t24 = pT2.*q3.*2.0;
t25 = pT3.*q2.*2.0;
t26 = pT3.*q3.*2.0;
t27 = q0.*q1.*2.0;
t28 = q0.*q2.*2.0;
t29 = q1.*q3.*2.0;
t30 = q2.*q3.*2.0;
t31 = 1.0./cableL;
t32 = 1.0./m;
t33 = 1.0./pT3;
t55 = pT2.*q0.*q1.*-2.0;
t34 = t33.^2;
t35 = t33.^3;
t37 = -t5;
t38 = -t7;
t39 = -t9;
t40 = -t19;
t41 = -t21;
t42 = -t25;
t43 = -t30;
t44 = pT3.*t11;
t45 = pT3.*t12;
t46 = pT3.*t13;
t47 = pT3.*t14;
t48 = q2.*t15;
t50 = q3.*t16;
t51 = q3.*t22;
t52 = -t12;
t53 = -t13;
t54 = 1.0./t3;
t58 = ol1.*t2.*t33;
t59 = ol3.*t2.*t33;
t64 = t28+t29;
t91 = t16+t22+t26;
t36 = t34.^2;
t56 = -t45;
t57 = -t46;
t60 = ol3.*t2.*t34;
t61 = t4+t37;
t62 = t6+t38;
t63 = t8+t39;
t65 = t2.*t4.*t34;
t66 = ol2.*pT2.*t2.*t34;
t67 = t27+t43;
t68 = t2.*t10.*t34;
t69 = t2.*t4.*t35.*2.0;
t70 = ol2.*pT2.*t2.*t35.*2.0;
t74 = pT2.*t64;
t75 = pT3.*t64;
t76 = -t58;
t95 = t18+t20+t40;
t96 = t17+t23+t41;
t97 = t15+t24+t42;
t102 = t11+t14+t52+t53;
t71 = t61.^2;
t72 = t62.^2;
t73 = t63.^2;
t77 = ol1.*t61.*2.0;
t78 = ol2.*t61.*2.0;
t79 = ol1.*t62.*2.0;
t80 = ol3.*t62.*2.0;
t81 = ol2.*t63.*2.0;
t82 = ol3.*t63.*2.0;
t83 = pT1.*t61.*2.0;
t84 = pT2.*t61.*2.0;
t85 = pT1.*t62.*2.0;
t86 = pT3.*t62.*2.0;
t87 = pT2.*t63.*2.0;
t88 = pT3.*t63.*2.0;
t89 = pT1.*t67;
t90 = pT3.*t67;
t98 = t2+t68;
t99 = t2.*t34.*t61;
t100 = t2.*t34.*t62;
t101 = t2.*t35.*t61.*2.0;
t104 = t59+t66;
t105 = pT1.*t102;
t106 = pT2.*t102;
t107 = t60+t70;
t123 = t44+t47+t48+t50+t51+t55+t56+t57;
t92 = -t82;
t93 = -t88;
t103 = t2.*t35.*t84;
t108 = t74+t89;
t109 = t78+t80;
t110 = t79+t81;
t111 = t84+t86;
t112 = t85+t87;
t115 = t65+t99;
t116 = t69+t101;
t117 = t71+t72+t73;
t118 = t90+t106;
t126 = 1.0./t123;
t113 = t77+t92;
t114 = t83+t93;
t120 = cableL.*m.*pT3.*t54.*t110;
t121 = cableL.*m.*t54.*t117;
t125 = t76+t100+t103;
t127 = t126.^2;
t122 = pT3.*t121;
t128 = t120+t121;
t124 = t2+t122;
et1 = -t62.*(-ol3.*t104+ol1.*t125+t61.*t116+t2.*t34.*t79+ol2.*t2.*t34.*t63+t98.*t113.*t118.*t126+pT1.*t2.*t33.*t108.*t113.*t126-pT1.*pT2.*t2.*t34.*t113.*t126.*(t75-t105)+t3.*t31.*t32.*t33.*t98.*t102.*t124.*t126+pT1.*t2.*t3.*t31.*t32.*t34.*t64.*t124.*t126+pT2.*t2.*t3.*t31.*t32.*t35.*t118.*t124.*t126.*2.0+t2.*t3.*t31.*t32.*t34.*t89.*t108.*t124.*t127+t3.*t31.*t32.*t33.*t67.*t98.*t118.*t124.*t127-pT1.*t2.*t3.*t31.*t32.*t35.*t124.*t126.*(t75-t105)-pT2.*t2.*t3.*t31.*t32.*t35.*t89.*t124.*t127.*(t75-t105));
et2 = -((o1.*q1)./2.0+(o2.*q2)./2.0+(o3.*q3)./2.0).*(t3.*t31.*t32.*t33.*t98.*t124.*t126.*(t17+t23)+pT1.*t2.*t3.*t31.*t32.*t34.*t124.*t126.*(t16+t22)-t3.*t31.*t32.*t33.*t95.*t98.*t118.*t124.*t127+pT1.*pT2.*t2.*t3.*t31.*t32.*t35.*t124.*t126.*(t15+t42)-pT1.*t2.*t3.*t31.*t32.*t34.*t95.*t108.*t124.*t127+pT1.*pT2.*t2.*t3.*t31.*t32.*t35.*t95.*t124.*t127.*(t75-t105));
et3 = -((o2.*q0)./2.0+(o1.*q3)./2.0-(o3.*q1)./2.0).*(t3.*t31.*t32.*t33.*t98.*t124.*t126.*(t22+t26)-pT1.*t2.*t3.*t31.*t32.*t34.*t124.*t126.*(t17+t41)+t3.*t31.*t32.*t33.*t97.*t98.*t118.*t124.*t127+pT1.*pT2.*t2.*t3.*t31.*t32.*t35.*t124.*t126.*(t18+t20)+pT1.*t2.*t3.*t31.*t32.*t34.*t97.*t108.*t124.*t127-pT1.*pT2.*t2.*t3.*t31.*t32.*t35.*t97.*t124.*t127.*(t75-t105));
et4 = -t63.*(ol2.*t100+ol3.*t115+ol2.*t125+t61.*t107+t98.*t109.*t118.*t126+pT1.*t2.*t33.*t108.*t109.*t126-pT1.*pT2.*t2.*t34.*t109.*t126.*(t75-t105)-t2.*t3.*t31.*t32.*t34.*t89.*t124.*t126-t2.*t3.*t31.*t32.*t34.*t108.*t124.*t126-pT2.*t2.*t3.*t31.*t32.*t35.*t105.*t124.*t126+t3.*t31.*t32.*t33.*t64.*t98.*t118.*t124.*t127+pT2.*t2.*t3.*t31.*t32.*t35.*t124.*t126.*(t75-t105)-pT1.*t2.*t3.*t31.*t32.*t35.*t74.*t124.*t127.*(t75-t105)+pT1.*t2.*t3.*t31.*t32.*t34.*t64.*t108.*t124.*t127);
et5 = -((o1.*q0)./2.0-(o2.*q3)./2.0+(o3.*q2)./2.0).*(t3.*t31.*t32.*t33.*t98.*t124.*t126.*(t19-t20)-pT1.*t2.*t3.*t31.*t32.*t34.*t124.*t126.*(t15+t24)-t3.*t31.*t32.*t33.*t96.*t98.*t118.*t124.*t127+pT1.*pT2.*t2.*t3.*t31.*t32.*t35.*t124.*t126.*(t16+t26)-pT1.*t2.*t3.*t31.*t32.*t34.*t96.*t108.*t124.*t127+pT1.*pT2.*t2.*t3.*t31.*t32.*t35.*t96.*t124.*t127.*(t75-t105));
et6 = (o1.*q2.*(-1.0./2.0)+(o2.*q1)./2.0+(o3.*q0)./2.0).*(t3.*t31.*t32.*t33.*t98.*t124.*t126.*(t24+t42)-pT1.*t2.*t3.*t31.*t32.*t34.*t124.*t126.*(t18+t40)-t3.*t31.*t32.*t33.*t91.*t98.*t118.*t124.*t127+pT1.*pT2.*t2.*t3.*t31.*t32.*t35.*t124.*t126.*(t21-t23)-pT1.*t2.*t3.*t31.*t32.*t34.*t91.*t108.*t124.*t127+pT1.*pT2.*t2.*t3.*t31.*t32.*t35.*t91.*t124.*t127.*(t75-t105));
et7 = -t61.*(-ol2.*t104-ol1.*t115+t63.*t107+t62.*t116+t61.*(ol1.*t2.*t34.*-2.0+t2.*t35.*t62.*2.0+pT2.*t2.*t36.*t61.*6.0)-t3.*t31.*t32.*t33.*t67.*t98.*t124.*t126+t3.*t31.*t32.*t34.*t98.*t118.*t124.*t126-t3.*t31.*t32.*t33.*t98.*t118.*t126.*t128+pT1.*t2.*t3.*t31.*t32.*t35.*t74.*t124.*t126+pT1.*t2.*t3.*t31.*t32.*t35.*t108.*t124.*t126.*2.0-pT1.*t2.*t3.*t31.*t32.*t34.*t108.*t126.*t128+t2.*t3.*t10.*t31.*t32.*t36.*t118.*t124.*t126.*2.0+t2.*t3.*t31.*t32.*t34.*t105.*t108.*t124.*t127+t3.*t31.*t32.*t33.*t98.*t102.*t118.*t124.*t127-pT1.*pT2.*t2.*t3.*t31.*t32.*t36.*t124.*t126.*(t75-t105).*3.0+pT1.*pT2.*t2.*t3.*t31.*t32.*t35.*t126.*t128.*(t75-t105)-pT2.*t2.*t3.*t31.*t32.*t35.*t105.*t124.*t127.*(t75-t105));
et8 = t3.*t31.*t32.*t33.*t124.*t126.*(t75-t105).*(pT1.*t100-pT3.*t104+pT1.*t125-pT2.*t2.*t34.*t63+pT2.*t2.*t35.*t83+t98.*t114.*t118.*t126+pT1.*t2.*t33.*t108.*t114.*t126-pT1.*pT2.*t2.*t34.*t114.*t126.*(t75-t105))-t3.*t31.*t32.*t33.*t108.*t124.*t126.*(pT1.*t99+pT2.*t104+pT1.*t115-t2.*t33.*t63+t98.*t112.*t118.*t126+pT1.*t2.*t33.*t108.*t112.*t126-pT1.*pT2.*t2.*t34.*t112.*t126.*(t75-t105))-t3.*t31.*t32.*t33.*t118.*t124.*t126.*(pT2.*t100.*2.0+pT3.*t115+pT2.*t125+t10.*t101+t98.*t111.*t118.*t126+pT1.*t2.*t33.*t108.*t111.*t126-pT1.*pT2.*t2.*t34.*t111.*t126.*(t75-t105));
cZ3 = [-Xd2+pl2;dpl2;pT2.*t2.*t33;-pT2.*t99-t2.*t33.*t62;t63.*t104+t62.*t115+t61.*t125+t3.*t31.*t32.*t33.*t98.*t118.*t124.*t126+pT1.*t2.*t3.*t31.*t32.*t34.*t108.*t124.*t126-pT1.*pT2.*t2.*t3.*t31.*t32.*t35.*t124.*t126.*(t75-t105);et1+et2+et3+et4+et5+et6+et7+et8];
end
