function cZ3 = Z3_SuspendedLoad(obj,in1,in2,in3,in4)
%Z3_SuspendedLoad
%    cZ3 = Z3_SuspendedLoad(IN1,IN2,IN3,IN4)

%    This function was generated by the Symbolic Math Toolbox version 24.1.
%    2024/10/16 17:38:08

V1 = in3(:,1);
Xd2 = in2(:,2);
cableL = in4(:,16);
d2V1 = in3(:,3);
d3V1 = in3(:,4);
d2Xd2 = in2(:,10);
d2Xd3 = in2(:,11);
d3Xd2 = in2(:,14);
d3Xd3 = in2(:,15);
d4Xd2 = in2(:,18);
d4Xd3 = in2(:,19);
d5Xd2 = in2(:,22);
d5Xd3 = in2(:,23);
dV1 = in3(:,2);
dXd2 = in2(:,6);
dpl2 = in1(12,:);
gravity = in4(:,6);
m = in4(:,1);
mL = in4(:,15);
o1 = in1(5,:);
o2 = in1(6,:);
o3 = in1(7,:);
ol1 = in1(17,:);
ol2 = in1(18,:);
ol3 = in1(19,:);
pT1 = in1(14,:);
pT2 = in1(15,:);
pT3 = in1(16,:);
pl2 = in1(9,:);
q0 = in1(1,:);
q1 = in1(2,:);
q2 = in1(3,:);
q3 = in1(4,:);
t2 = d2V1+d4Xd3;
t3 = d3Xd3+dV1;
t4 = m+mL;
t5 = ol1.*pT2;
t6 = ol2.*pT1;
t7 = ol1.*pT3;
t8 = ol3.*pT1;
t9 = ol2.*pT3;
t10 = ol3.*pT2;
t11 = pT2.^2;
t12 = q0.^2;
t13 = q1.^2;
t14 = q2.^2;
t15 = q3.^2;
t16 = pT1.*q0.*2.0;
t17 = pT1.*q1.*2.0;
t18 = pT2.*q0.*2.0;
t19 = pT1.*q2.*2.0;
t20 = pT2.*q1.*2.0;
t21 = pT3.*q0.*2.0;
t22 = pT1.*q3.*2.0;
t23 = pT2.*q2.*2.0;
t24 = pT3.*q1.*2.0;
t25 = pT2.*q3.*2.0;
t26 = pT3.*q2.*2.0;
t27 = pT3.*q3.*2.0;
t28 = q0.*q1.*2.0;
t29 = q0.*q2.*2.0;
t30 = q1.*q3.*2.0;
t31 = q2.*q3.*2.0;
t32 = V1+d2Xd3+gravity;
t33 = 1.0./cableL;
t34 = 1.0./m;
t35 = 1.0./pT3;
t57 = pT2.*q0.*q1.*-2.0;
t36 = t35.^2;
t37 = t35.^3;
t39 = -t6;
t40 = -t8;
t41 = -t10;
t42 = -t20;
t43 = -t22;
t44 = -t26;
t45 = -t31;
t46 = pT3.*t12;
t47 = pT3.*t13;
t48 = pT3.*t14;
t49 = pT3.*t15;
t50 = q2.*t16;
t52 = q3.*t17;
t53 = q3.*t23;
t54 = -t13;
t55 = -t14;
t56 = 1.0./t4;
t60 = t2.*t35;
t61 = t3.*t35;
t70 = t29+t30;
t71 = ol1.*t32.*t35;
t72 = ol3.*t32.*t35;
t104 = t17+t23+t27;
t38 = t36.^2;
t58 = -t47;
t59 = -t48;
t62 = t3.*t36;
t63 = ol1.*t61;
t64 = ol3.*t61;
t65 = pT2.*t2.*t36;
t67 = t5+t39;
t68 = t7+t40;
t69 = t9+t41;
t73 = ol3.*t32.*t36;
t76 = -t61;
t78 = t28+t45;
t83 = t5.*t32.*t36;
t84 = ol2.*pT2.*t32.*t36;
t85 = pT2.*t70;
t86 = pT3.*t70;
t87 = t11.*t32.*t36;
t88 = t5.*t32.*t37.*2.0;
t89 = ol2.*pT2.*t32.*t37.*2.0;
t108 = t19+t21+t42;
t109 = t18+t24+t43;
t110 = t16+t25+t44;
t116 = t12+t15+t54+t55;
t66 = pT2.*t62;
t74 = t5.*t62;
t77 = -t62;
t79 = t11.*t62;
t80 = t67.^2;
t81 = t68.^2;
t82 = t69.^2;
t90 = ol1.*t67.*2.0;
t91 = ol2.*t67.*2.0;
t92 = ol1.*t68.*2.0;
t93 = ol3.*t68.*2.0;
t94 = ol2.*t69.*2.0;
t95 = ol3.*t69.*2.0;
t96 = pT1.*t67.*2.0;
t97 = pT2.*t67.*2.0;
t98 = pT1.*t68.*2.0;
t99 = pT3.*t68.*2.0;
t100 = pT2.*t69.*2.0;
t101 = pT3.*t69.*2.0;
t102 = pT1.*t78;
t103 = pT3.*t78;
t111 = t32+t87;
t112 = t62.*t67;
t114 = t32.*t36.*t67;
t115 = t32.*t36.*t68;
t117 = t32.*t37.*t67.*2.0;
t121 = pT1.*t116;
t122 = pT2.*t116;
t123 = pT2.*t32.*t37.*t67.*-2.0;
t124 = t72+t84;
t125 = t73+t89;
t141 = t46+t49+t50+t52+t53+t57+t58+t59;
t75 = ol2.*t66;
t105 = -t95;
t106 = -t101;
t119 = -t115;
t126 = t85+t102;
t127 = t91+t93;
t128 = t92+t94;
t129 = t97+t99;
t130 = t98+t100;
t133 = t80+t81+t82;
t134 = t103+t122;
t137 = t76+t83+t114;
t138 = t77+t88+t117;
t143 = 1.0./t141;
t131 = t90+t105;
t132 = t96+t106;
t136 = cableL.*m.*pT3.*t56.*t128;
t139 = cableL.*m.*t56.*t133;
t144 = t143.^2;
t145 = t66+t71+t119+t123;
t140 = pT3.*t139;
t146 = t136+t139;
t142 = t32+t140;
et1 = t63+t65-ol2.*t124-ol1.*t137+t68.*t77+t69.*t125+t68.*t138-t67.*(ol1.*t32.*t36.*2.0+pT2.*t3.*t37.*2.0-t32.*t37.*t68.*2.0-pT2.*t32.*t38.*t67.*6.0)-pT2.*t3.*t37.*t67.*2.0-t4.*t33.*t34.*t35.*t78.*t111.*t142.*t143+t4.*t33.*t34.*t36.*t111.*t134.*t142.*t143-t4.*t33.*t34.*t35.*t111.*t134.*t143.*t146+pT1.*t4.*t32.*t33.*t34.*t37.*t85.*t142.*t143+pT1.*t4.*t32.*t33.*t34.*t37.*t126.*t142.*t143.*2.0-pT1.*t4.*t32.*t33.*t34.*t36.*t126.*t143.*t146+t4.*t11.*t32.*t33.*t34.*t38.*t134.*t142.*t143.*2.0+t4.*t32.*t33.*t34.*t36.*t121.*t126.*t142.*t144+t4.*t33.*t34.*t35.*t111.*t116.*t134.*t142.*t144-pT1.*pT2.*t4.*t32.*t33.*t34.*t38.*t142.*t143.*(t86-t121).*3.0+pT1.*pT2.*t4.*t32.*t33.*t34.*t37.*t143.*t146.*(t86-t121);
et2 = -pT2.*t4.*t32.*t33.*t34.*t37.*t121.*t142.*t144.*(t86-t121);
et3 = -d5Xd2-t67.*(et1+et2)+t69.*(t64+t75)-t60.*t68-t65.*t67-((o1.*q1)./2.0+(o2.*q2)./2.0+(o3.*q3)./2.0).*(t4.*t33.*t34.*t35.*t111.*t142.*t143.*(t18+t24)+pT1.*t4.*t32.*t33.*t34.*t36.*t142.*t143.*(t17+t23)-t4.*t33.*t34.*t35.*t108.*t111.*t134.*t142.*t144+pT1.*pT2.*t4.*t32.*t33.*t34.*t37.*t142.*t143.*(t16+t44)-pT1.*t4.*t32.*t33.*t34.*t36.*t108.*t126.*t142.*t144+pT1.*pT2.*t4.*t32.*t33.*t34.*t37.*t108.*t142.*t144.*(t86-t121));
et4 = -((o2.*q0)./2.0+(o1.*q3)./2.0-(o3.*q1)./2.0).*(t4.*t33.*t34.*t35.*t111.*t142.*t143.*(t23+t27)-pT1.*t4.*t32.*t33.*t34.*t36.*t142.*t143.*(t18+t43)+t4.*t33.*t34.*t35.*t110.*t111.*t134.*t142.*t144+pT1.*pT2.*t4.*t32.*t33.*t34.*t37.*t142.*t143.*(t19+t21)+pT1.*t4.*t32.*t33.*t34.*t36.*t110.*t126.*t142.*t144-pT1.*pT2.*t4.*t32.*t33.*t34.*t37.*t110.*t142.*t144.*(t86-t121))-t67.*(t63+t65+t68.*t77-pT2.*t3.*t37.*t67.*2.0);
et5 = t69.*(t64+t75+ol2.*t119-ol3.*t137+ol2.*t145-t67.*t125-t111.*t127.*t134.*t143-pT1.*t32.*t35.*t126.*t127.*t143+pT1.*pT2.*t32.*t36.*t127.*t143.*(t86-t121)+t4.*t32.*t33.*t34.*t36.*t102.*t142.*t143+t4.*t32.*t33.*t34.*t36.*t126.*t142.*t143+pT2.*t4.*t32.*t33.*t34.*t37.*t121.*t142.*t143-t4.*t33.*t34.*t35.*t70.*t111.*t134.*t142.*t144-pT2.*t4.*t32.*t33.*t34.*t37.*t142.*t143.*(t86-t121)+pT1.*t4.*t32.*t33.*t34.*t37.*t85.*t142.*t144.*(t86-t121)-pT1.*t4.*t32.*t33.*t34.*t36.*t70.*t126.*t142.*t144);
et6 = -((o1.*q0)./2.0-(o2.*q3)./2.0+(o3.*q2)./2.0).*(t4.*t33.*t34.*t35.*t111.*t142.*t143.*(t20-t21)-pT1.*t4.*t32.*t33.*t34.*t36.*t142.*t143.*(t16+t25)-t4.*t33.*t34.*t35.*t109.*t111.*t134.*t142.*t144+pT1.*pT2.*t4.*t32.*t33.*t34.*t37.*t142.*t143.*(t17+t27)-pT1.*t4.*t32.*t33.*t34.*t36.*t109.*t126.*t142.*t144+pT1.*pT2.*t4.*t32.*t33.*t34.*t37.*t109.*t142.*t144.*(t86-t121));
et7 = (o1.*q2.*(-1.0./2.0)+(o2.*q1)./2.0+(o3.*q0)./2.0).*(t4.*t33.*t34.*t35.*t111.*t142.*t143.*(t25+t44)-pT1.*t4.*t32.*t33.*t34.*t36.*t142.*t143.*(t19+t42)-t4.*t33.*t34.*t35.*t104.*t111.*t134.*t142.*t144+pT1.*pT2.*t4.*t32.*t33.*t34.*t37.*t142.*t143.*(t22-t24)-pT1.*t4.*t32.*t33.*t34.*t36.*t104.*t126.*t142.*t144+pT1.*pT2.*t4.*t32.*t33.*t34.*t37.*t104.*t142.*t144.*(t86-t121))+t68.*(-t60+t74+t112);
et8 = -t68.*(t60-t74-ol3.*t124-ol1.*t145+t67.*t77+t67.*t138+t32.*t36.*t92+ol2.*t32.*t36.*t69+t111.*t131.*t134.*t143+pT1.*t32.*t35.*t126.*t131.*t143-pT1.*pT2.*t32.*t36.*t131.*t143.*(t86-t121)+t4.*t33.*t34.*t35.*t111.*t116.*t142.*t143+pT1.*t4.*t32.*t33.*t34.*t36.*t70.*t142.*t143+pT2.*t4.*t32.*t33.*t34.*t37.*t134.*t142.*t143.*2.0+t4.*t32.*t33.*t34.*t36.*t102.*t126.*t142.*t144+t4.*t33.*t34.*t35.*t78.*t111.*t134.*t142.*t144-pT1.*t4.*t32.*t33.*t34.*t37.*t142.*t143.*(t86-t121)-pT2.*t4.*t32.*t33.*t34.*t37.*t102.*t142.*t144.*(t86-t121))+pT2.*t35.*(d3V1+d5Xd3)+t4.*t33.*t34.*t61.*t111.*t134.*t143;
et9 = -t4.*t33.*t34.*t35.*t134.*t142.*t143.*(-t3+pT2.*t115.*2.0+pT3.*t137-pT2.*t145+t11.*t77+t11.*t117+t111.*t129.*t134.*t143+pT1.*t32.*t35.*t126.*t129.*t143-pT1.*pT2.*t32.*t36.*t129.*t143.*(t86-t121))-t4.*t33.*t34.*t35.*t142.*t143.*(t86-t121).*(pT1.*t66+pT1.*t119+pT1.*t123+pT3.*t124+pT1.*t145+pT2.*t32.*t36.*t69-t111.*t132.*t134.*t143-pT1.*t32.*t35.*t126.*t132.*t143+pT1.*pT2.*t32.*t36.*t132.*t143.*(t86-t121))-t4.*t33.*t34.*t35.*t126.*t142.*t143.*(pT1.*t76+pT1.*t114+pT2.*t124+pT1.*t137-t32.*t35.*t69+t111.*t130.*t134.*t143+pT1.*t32.*t35.*t126.*t130.*t143-pT1.*pT2.*t32.*t36.*t130.*t143.*(t86-t121))+t4.*t33.*t34.*t35.*t134.*t142.*t143.*(t3+t79);
et10 = pT1.*t4.*t32.*t33.*t34.*t62.*t126.*t143+pT1.*t4.*t33.*t34.*t62.*t126.*t142.*t143-pT1.*pT2.*t3.*t4.*t32.*t33.*t34.*t37.*t143.*(t86-t121)-pT1.*pT2.*t3.*t4.*t33.*t34.*t37.*t142.*t143.*(t86-t121);
cZ3 = [-Xd2+pl2;-dXd2+dpl2;-d2Xd2+pT2.*t32.*t35;-d3Xd2+pT2.*t61-pT2.*t114-t32.*t35.*t68;-d4Xd2+pT2.*t60-t66.*t67+t68.*t76+t69.*t124+t68.*t137-t67.*t145+t4.*t33.*t34.*t35.*t111.*t134.*t142.*t143+pT1.*t4.*t32.*t33.*t34.*t36.*t126.*t142.*t143-pT1.*pT2.*t4.*t32.*t33.*t34.*t37.*t142.*t143.*(t86-t121);et3+et4+et5+et6+et7+et8+et9+et10];
end
