function alpha21 = alpha21_SuspendedLoad(in1,in2,in3,in4)
%alpha21_SuspendedLoad
%    ALPHA21 = alpha21_SuspendedLoad(IN1,IN2,IN3,IN4)

%    This function was generated by the Symbolic Math Toolbox version 24.1.
%    2024/06/28 15:31:29

V1 = in3(:,1);
cableL = in4(:,16);
d2V1 = in3(:,3);
d3V1 = in3(:,4);
d4V1 = in3(:,5);
d2Xd3 = in2(:,11);
d3Xd3 = in2(:,15);
d4Xd3 = in2(:,19);
d5Xd3 = in2(:,23);
d6Xd1 = in2(:,25);
d6Xd3 = in2(:,27);
dV1 = in3(:,2);
gravity = in4(:,6);
jx = in4(:,3);
jy = in4(:,4);
jz = in4(:,5);
m = in4(:,1);
mL = in4(:,15);
o1 = in1(5,:);
o2 = in1(6,:);
o3 = in1(7,:);
ol1 = in1(17,:);
ol2 = in1(18,:);
ol3 = in1(19,:);
pT1 = in1(14,:);
pT2 = in1(15,:);
pT3 = in1(16,:);
q0 = in1(1,:);
q1 = in1(2,:);
q2 = in1(3,:);
q3 = in1(4,:);
t2 = d2V1+d4Xd3;
t3 = d3V1+d5Xd3;
t4 = d3Xd3+dV1;
t5 = m+mL;
t6 = ol1.*pT2;
t7 = ol2.*pT1;
t8 = ol1.*pT3;
t9 = ol3.*pT1;
t10 = ol2.*pT3;
t11 = ol3.*pT2;
t12 = ol1.^2;
t13 = ol2.^2;
t14 = ol3.^2;
t15 = pT1.^2;
t16 = pT2.^2;
t17 = pT3.^2;
t18 = q0.^2;
t19 = q1.^2;
t20 = q2.^2;
t21 = q3.^2;
t22 = ol1.*pT1.*2.0;
t26 = ol2.*pT2.*2.0;
t34 = ol3.*pT3.*2.0;
t37 = pT1.*q0.*2.0;
t38 = pT1.*q1.*2.0;
t39 = pT2.*q0.*2.0;
t40 = pT1.*q2.*2.0;
t41 = pT2.*q1.*2.0;
t42 = pT3.*q0.*2.0;
t43 = pT1.*q3.*2.0;
t44 = pT2.*q2.*2.0;
t45 = pT3.*q1.*2.0;
t46 = pT2.*q3.*2.0;
t47 = pT3.*q2.*2.0;
t48 = pT3.*q3.*2.0;
t49 = q0.*q1.*2.0;
t50 = q0.*q2.*2.0;
t51 = q1.*q3.*2.0;
t52 = q2.*q3.*2.0;
t53 = V1+d2Xd3+gravity;
t54 = 1.0./cableL;
t55 = 1.0./m;
t56 = 1.0./pT3;
t93 = (o1.*q0)./2.0;
t94 = (o1.*q1)./2.0;
t95 = (o2.*q0)./2.0;
t96 = (o1.*q2)./2.0;
t97 = (o2.*q1)./2.0;
t98 = (o3.*q0)./2.0;
t99 = (o1.*q3)./2.0;
t100 = (o2.*q2)./2.0;
t101 = (o3.*q1)./2.0;
t102 = (o2.*q3)./2.0;
t103 = (o3.*q2)./2.0;
t104 = (o3.*q3)./2.0;
t106 = pT2.*q0.*q1.*-2.0;
t23 = t6.*2.0;
t24 = t7.*2.0;
t25 = t8.*2.0;
t27 = t9.*2.0;
t28 = t6.*4.0;
t29 = t7.*4.0;
t30 = t10.*2.0;
t31 = t11.*2.0;
t32 = t8.*4.0;
t33 = t9.*4.0;
t35 = t10.*4.0;
t36 = t11.*4.0;
t57 = 1.0./t17;
t58 = t56.^3;
t60 = t56.^5;
t61 = t12.*2.0;
t62 = t13.*2.0;
t63 = t14.*2.0;
t64 = t15.*2.0;
t65 = t16.*2.0;
t66 = t17.*2.0;
t67 = -t7;
t69 = -t9;
t71 = -t11;
t76 = -t41;
t77 = -t42;
t78 = -t43;
t79 = -t45;
t80 = -t47;
t81 = -t52;
t82 = t4.^2;
t83 = pT3.*t18;
t84 = pT3.*t19;
t85 = pT3.*t20;
t86 = pT3.*t21;
t87 = q2.*t37;
t89 = q3.*t38;
t90 = q3.*t44;
t91 = -t19;
t92 = -t20;
t105 = 1.0./t5;
t107 = -t96;
t108 = -t101;
t109 = -t102;
t112 = t2.*t56;
t114 = t3.*t56;
t115 = t4.*t56;
t133 = t22+t26;
t135 = t22+t34;
t136 = t26+t34;
t137 = t37+t46;
t138 = t38+t44;
t139 = t39+t45;
t140 = t40+t42;
t141 = t38+t48;
t142 = t44+t48;
t143 = t50+t51;
t144 = ol1.*t53.*t56;
t145 = ol2.*t53.*t56;
t146 = ol3.*t53.*t56;
t148 = pT2.*t53.*t56;
t178 = pT1.*t53.*t56.*2.0;
t292 = t94+t100+t104;
t59 = t57.^2;
t72 = -t29;
t74 = -t33;
t75 = -t36;
t110 = -t84;
t111 = -t85;
t113 = t2.*t57;
t116 = t4.*t57;
t117 = t115.*2.0;
t118 = t4.*t58.*2.0;
t119 = ol2.*t112;
t120 = ol3.*t112;
t122 = ol2.*t115;
t123 = ol3.*t115;
t126 = pT2.*t112;
t127 = pT1.*t3.*t57;
t129 = pT2.*t115;
t131 = t6+t67;
t132 = t8+t69;
t134 = t10+t71;
t147 = ol3.*t53.*t57;
t155 = -t112;
t158 = pT1.*t2.*t58.*2.0;
t168 = t37+t80;
t169 = t39+t78;
t170 = t40+t76;
t171 = t41+t77;
t172 = t43+t79;
t173 = t46+t80;
t174 = t49+t81;
t175 = ol2.*t53.*t57.*2.0;
t176 = t146.*2.0;
t177 = ol3.*t53.*t58.*2.0;
t181 = t4.*t22.*t58;
t182 = t4.*t24.*t58;
t187 = t143.^2;
t188 = ol1.*ol2.*t53.*t57;
t189 = ol1.*pT1.*t53.*t57;
t190 = t7.*t53.*t57;
t191 = ol2.*pT2.*t53.*t57;
t192 = t9.*t53.*t57;
t193 = t11.*t53.*t57;
t194 = pT2.*t143;
t195 = pT3.*t143;
t196 = t61+t62;
t197 = t61+t63;
t198 = t62+t63;
t199 = t64+t65;
t200 = t64+t66;
t201 = t65+t66;
t209 = pT1.*t4.*t58.*-2.0;
t212 = t4.*t58.*t64;
t220 = t12.*t53.*t57;
t221 = t15.*t53.*t57;
t224 = t22.*t53.*t57;
t225 = t22.*t53.*t58;
t226 = t23.*t53.*t57;
t228 = t24.*t53.*t58;
t229 = t27.*t53.*t57;
t233 = pT1.*pT2.*t53.*t57.*3.0;
t248 = pT1.*t23.*t53.*t58;
t250 = cableL.*m.*ol3.*t25.*t105;
t252 = t48+t138;
t253 = t4.*t15.*t58.*-2.0;
t255 = t53.*t57.*t65;
t261 = cableL.*m.*ol3.*t10.*t105.*-2.0;
t262 = t76+t140;
t263 = t78+t139;
t264 = t80+t137;
t267 = ol1.*t53.*t58.*t64;
t269 = pT2.*t15.*t53.*t58.*4.0;
t291 = cableL.*m.*pT3.*t105.*t133;
t296 = t18+t21+t91+t92;
t314 = -cableL.*m.*pT3.*t105.*(t27-t32);
t316 = t97+t98+t107;
t317 = t95+t99+t108;
t318 = t93+t103+t109;
t369 = cableL.*m.*pT3.*t105.*(t31-t35);
t121 = ol1.*t116;
t124 = ol3.*t116;
t125 = pT1.*t113;
t128 = pT1.*t116;
t130 = pT2.*t116;
t150 = t7.*t113;
t152 = t7.*t116;
t156 = -t113;
t157 = ol2.*t116.*2.0;
t161 = pT1.*t118;
t162 = t23+t72;
t164 = t25+t74;
t166 = t30+t75;
t179 = t15.*t113;
t180 = t15.*t116;
t184 = t131.^2;
t185 = t132.^2;
t186 = t134.^2;
t219 = t174.^2;
t222 = ol1.*t147.*2.0;
t223 = ol2.*t147.*2.0;
t227 = t190.*3.0;
t230 = t191.*3.0;
t231 = ol1.*pT1.*t53.*t59.*6.0;
t232 = t7.*t53.*t59.*6.0;
t234 = ol1.*t131.*2.0;
t235 = ol2.*t131.*2.0;
t236 = ol1.*t132.*2.0;
t237 = ol3.*t132.*2.0;
t238 = ol2.*t134.*2.0;
t239 = ol3.*t134.*2.0;
t240 = pT1.*t131.*2.0;
t241 = pT2.*t131.*2.0;
t242 = pT1.*t132.*2.0;
t243 = pT3.*t132.*2.0;
t244 = pT2.*t134.*2.0;
t245 = pT3.*t134.*2.0;
t246 = pT1.*t174;
t247 = pT3.*t174;
t266 = -t221;
t268 = pT1.*t228;
t270 = t252.^2;
t271 = t53+t221;
t272 = t262.^2;
t273 = t263.^2;
t274 = t264.^2;
t275 = t113.*t131;
t277 = t116.*t131;
t278 = t115.*t132;
t279 = t116.*t134;
t282 = t53.*t57.*t131;
t283 = t53.*t56.*t132;
t284 = t53.*t57.*t132;
t285 = t53.*t57.*t134;
t295 = t4.*t58.*t131.*-2.0;
t298 = t53.*t58.*t131.*2.0;
t301 = t53.*t58.*t134.*2.0;
t302 = t53.*t59.*t131.*6.0;
t304 = t131.*t158;
t307 = pT1.*t4.*t59.*t131.*6.0;
t335 = t134.*t175;
t336 = ol2.*t53.*t58.*t134.*4.0;
t339 = pT1.*t53.*t58.*t131.*4.0;
t342 = pT1.*t53.*t58.*t131.*6.0;
t345 = pT1.*t53.*t58.*t134.*4.0;
t347 = pT1.*t296;
t348 = pT2.*t296;
t352 = t296.^2;
t353 = cableL.*m.*pT3.*t105.*t196;
t362 = pT2.*t53.*t58.*t131.*-2.0;
t367 = t131.*t253;
t368 = t146+t189;
t376 = t147+t225;
t377 = t15.*t53.*t58.*t131.*-2.0;
t439 = t83+t86+t87+t89+t90+t106+t110+t111;
t149 = ol1.*t125;
t151 = pT1.*t121;
t153 = pT2.*t125;
t154 = pT2.*t128;
t159 = t128.*2.0;
t160 = t128.*3.0;
t183 = pT2.*t161;
t205 = -t157;
t258 = -t239;
t259 = -t245;
t265 = t4+t180;
t286 = t121.*t132;
t287 = t121.*t134;
t288 = t130.*t131;
t289 = t128.*t132;
t290 = t130.*t134;
t293 = t131.*t156;
t294 = -t277;
t297 = t282.*2.0;
t299 = t285.*2.0;
t300 = t285.*3.0;
t303 = t134.*t157;
t305 = t131.*t161;
t308 = ol1.*t284;
t309 = ol1.*t285;
t310 = pT2.*t282;
t311 = pT1.*t284;
t312 = pT2.*t285;
t320 = -t282;
t321 = -t283;
t323 = -t284;
t324 = -t298;
t328 = -t302;
t332 = t53.*t58.*t234;
t333 = t53.*t58.*t236;
t334 = ol1.*t301;
t338 = t53.*t58.*t241;
t344 = t53.*t58.*t244;
t349 = t124+t181;
t364 = -t342;
t378 = t177+t231;
t380 = t194+t246;
t381 = ol1.*t368;
t382 = ol3.*t368;
t383 = pT1.*t368;
t384 = pT3.*t368;
t385 = t235+t237;
t386 = t236+t238;
t387 = t241+t243;
t388 = t242+t244;
t389 = ol2.*t376;
t390 = ol3.*t376;
t391 = pT1.*t376;
t392 = pT2.*t376;
t393 = pT3.*t376;
t397 = ol1.*t376.*2.0;
t400 = t131.*t376;
t401 = t132.*t376;
t403 = t184+t185+t186;
t404 = t247+t348;
t415 = t113+t182+t295;
t442 = 1.0./t439;
t457 = -ol1.*(t122-t125-t279+t4.*t58.*t240);
t458 = -ol2.*(t122-t125-t279+t4.*t58.*t240);
t459 = -pT1.*(t122-t125-t279+t4.*t58.*t240);
t472 = pT1.*(t128-t145+t285-pT1.*t53.*t58.*t131.*2.0);
t473 = -t131.*(t157-t158+t307-t4.*t58.*t134.*2.0);
t208 = -t159;
t217 = -t154;
t306 = t134.*t159;
t319 = t123+t151;
t326 = -t299;
t341 = pT1.*t299;
t361 = -t310;
t394 = t234+t258;
t395 = t240+t259;
t398 = t131.*t349;
t399 = t132.*t349;
t405 = t131.*t378;
t406 = cableL.*m.*t105.*t385;
t407 = cableL.*m.*t105.*t387;
t408 = cableL.*m.*t105.*t388;
t411 = cableL.*m.*t105.*t386.*2.0;
t413 = cableL.*m.*pT3.*t105.*t386;
t414 = t112+t152+t294;
t416 = t115+t190+t320;
t421 = t116+t228+t324;
t426 = t118+t232+t328;
t432 = cableL.*m.*t105.*t403;
t443 = t442.^2;
t444 = t442.^3;
t445 = t131.*t415;
t446 = t134.*t415;
t476 = pT1.*pT2.*t53.*t380.*t442.*2.0;
