function V1 = Vf_SuspendedLoad(in1,in2,in3,in4)
%Vf_SuspendedLoad
%    V1 = Vf_SuspendedLoad(IN1,IN2,IN3,IN4)

%    This function was generated by the Symbolic Math Toolbox version 24.1.
%    2024/04/30 19:55:56

Xd3 = in2(:,3);
dpl3 = in1(13,:);
f11 = in4(:,1);
f12 = in4(:,2);
pl3 = in1(10,:);
t2 = f11.*f12;
t3 = f11.^2;
t4 = f12.^2;
t5 = -pl3;
t6 = f12.*t2;
t7 = f11.*t2;
t9 = -t4;
t10 = Xd3+t5;
t11 = -t6;
t12 = f11+t9;
t13 = t12.^2;
t14 = f12.*t12;
t15 = t2.*t12;
t17 = t2+t14;
t20 = t7+t15;
t23 = -f12.*(t6-t13);
t19 = f11.*t17;
t22 = f12.*t20;
t25 = t19+t23;
V1 = [-dpl3.*f12+f11.*t10,-dpl3.*t12-t2.*t10,-t10.*(t3+t11)+dpl3.*t17,dpl3.*(f11.*t12-f12.*t17)+t10.*(t7+f12.*(t3+t11)),-dpl3.*t25-t10.*(t22-f11.*(t3+t11)),-t10.*(f11.*t20-f12.*(t22-f11.*(t3+t11)))+dpl3.*(f12.*t25+f11.*(t6-t13))];
end
