function Vd1 = Vfd_SuspendedLoad(dt,in2,in3,in4,in5)
%Vfd_SuspendedLoad
%    Vd1 = Vfd_SuspendedLoad(DT,IN2,IN3,IN4,IN5)

%    This function was generated by the Symbolic Math Toolbox version 24.1.
%    2024/04/30 19:57:59

Xd3 = in3(:,3);
dpl3 = in2(13,:);
f11 = in5(:,1);
f12 = in5(:,2);
pl3 = in2(10,:);
t2 = dt.*f12;
t3 = dt.^2;
t4 = -pl3;
t5 = Xd3+t4;
t6 = t2-1.0;
t7 = (f11.*t3)./2.0;
t8 = (dt.*t2)./2.0;
t9 = t6.^2;
t10 = -t8;
t11 = dt.*f11.*t6;
t13 = t7-1.0;
t12 = dt+t10;
t14 = t13.^2;
t15 = dt.*f11.*t13;
t16 = dt.*f11.*t12;
t18 = t6.*t12;
t19 = t12.*t13;
t20 = t11+t15;
t17 = -t16;
t25 = t18+t19;
t21 = t9+t17;
t23 = t14+t17;
t28 = t20.*t25;
t22 = t21.^2;
t24 = t23.^2;
t26 = t20.*t21;
t27 = t20.*t23;
t29 = t21.*t25;
t30 = -t28;
t31 = t23.*t25;
t32 = t22+t30;
t33 = t24+t30;
t34 = t26+t27;
t35 = t29+t31;
Vd1 = [-dpl3.*f12+f11.*t5,dpl3.*(f12.*t6-f11.*t12)-t5.*(f11.*t2+f11.*t13),-dpl3.*(f12.*t21-f11.*t25)+t5.*(f12.*t20+f11.*t23),dpl3.*(f12.*(t6.*t21-dt.*f11.*t25)-f11.*(t12.*t21+t13.*t25))-t5.*(f12.*(t6.*t20+dt.*f11.*t23)-f11.*(t12.*t20-t13.*t23)),-dpl3.*(f12.*t32-f11.*t35)+t5.*(f11.*t33+f12.*t34),dpl3.*(f12.*(t6.*t32-dt.*f11.*t35)-f11.*(t12.*t32+t13.*t35))-t5.*(f12.*(t6.*t34+dt.*f11.*t33)-f11.*(t12.*t34-t13.*t33))];
end
