function cV2 = Vs_SuspendedLoad(in1,in2,in3,in4,in5,in6,in7)
%Vs_SuspendedLoad
%    cV2 = Vs_SuspendedLoad(IN1,IN2,IN3,IN4,IN5,IN6,IN7)

%    This function was generated by the Symbolic Math Toolbox version 24.1.
%    2024/04/30 19:57:22

V1 = in3(:,1);
Xd1 = in2(:,1);
Xd2 = in2(:,2);
Xd4 = in2(:,4);
cableL = in4(:,16);
dpl1 = in1(11,:);
dpl2 = in1(12,:);
f21 = in5(:,1);
f22 = in5(:,2);
f23 = in5(:,3);
f24 = in5(:,4);
f25 = in5(:,5);
f26 = in5(:,6);
f31 = in6(:,1);
f32 = in6(:,2);
f33 = in6(:,3);
f34 = in6(:,4);
f35 = in6(:,5);
f36 = in6(:,6);
f41 = in7(:,1);
f42 = in7(:,2);
gravity = in4(:,6);
m = in4(:,1);
mL = in4(:,15);
o1 = in1(5,:);
o2 = in1(6,:);
o3 = in1(7,:);
ol1 = in1(17,:);
ol2 = in1(18,:);
ol3 = in1(19,:);
pT1 = in1(14,:);
pT2 = in1(15,:);
pT3 = in1(16,:);
pl1 = in1(8,:);
pl2 = in1(9,:);
q0 = in1(1,:);
q1 = in1(2,:);
q2 = in1(3,:);
q3 = in1(4,:);
t2 = V1+gravity;
t3 = m+mL;
t4 = ol1.*pT2;
t5 = ol2.*pT1;
t6 = ol1.*pT3;
t7 = ol3.*pT1;
t8 = ol2.*pT3;
t9 = ol3.*pT2;
t10 = pT1.^2;
t11 = pT2.^2;
t12 = q0.^2;
t13 = q1.^2;
t14 = q2.^2;
t15 = q3.^2;
t16 = pT1.*q0.*2.0;
t17 = pT1.*q1.*2.0;
t18 = pT2.*q0.*2.0;
t19 = pT1.*q2.*2.0;
t20 = pT2.*q1.*2.0;
t21 = pT3.*q0.*2.0;
t22 = pT1.*q3.*2.0;
t23 = pT2.*q2.*2.0;
t24 = pT3.*q1.*2.0;
t25 = pT2.*q3.*2.0;
t26 = pT3.*q2.*2.0;
t27 = pT3.*q3.*2.0;
t28 = q0.*q1.*2.0;
t29 = q0.*q2.*2.0;
t30 = q0.*q3.*2.0;
t31 = q1.*q2.*2.0;
t32 = q1.*q3.*2.0;
t33 = q2.*q3.*2.0;
t34 = 1.0./cableL;
t35 = 1.0./m;
t36 = 1.0./pT3;
t60 = (o1.*q0)./2.0;
t61 = (o1.*q1)./2.0;
t62 = (o2.*q0)./2.0;
t63 = (o1.*q2)./2.0;
t64 = (o2.*q1)./2.0;
t65 = (o3.*q0)./2.0;
t66 = (o1.*q3)./2.0;
t67 = (o2.*q2)./2.0;
t68 = (o3.*q1)./2.0;
t69 = (o2.*q3)./2.0;
t70 = (o3.*q2)./2.0;
t71 = (o3.*q3)./2.0;
t73 = pT2.*q0.*q1.*-2.0;
t37 = t36.^2;
t38 = t36.^3;
t40 = -t5;
t41 = -t7;
t42 = -t9;
t43 = -t20;
t44 = -t21;
t45 = -t22;
t46 = -t24;
t47 = -t26;
t48 = -t33;
t49 = pT3.*t12;
t50 = pT3.*t13;
t51 = pT3.*t14;
t52 = pT3.*t15;
t53 = q2.*t16;
t55 = q3.*t17;
t56 = q3.*t23;
t57 = -t13;
t58 = -t14;
t59 = -t15;
t72 = 1.0./t3;
t74 = -t63;
t75 = -t68;
t76 = -t69;
t79 = ol1.*t2.*t36;
t80 = ol2.*t2.*t36;
t81 = ol3.*t2.*t36;
t86 = t16+t25;
t87 = t17+t23;
t88 = t18+t24;
t89 = t19+t21;
t90 = t17+t27;
t91 = t23+t27;
t92 = t29+t32;
t93 = t30+t31;
t153 = t61+t67+t71;
t39 = t37.^2;
t77 = -t50;
t78 = -t51;
t82 = ol3.*t2.*t37;
t83 = t4+t40;
t84 = t6+t41;
t85 = t8+t42;
t94 = ol1.*pT1.*t2.*t37;
t95 = t2.*t4.*t37;
t96 = t2.*t5.*t37;
t97 = ol2.*pT2.*t2.*t37;
t98 = t16+t47;
t99 = t18+t45;
t100 = t19+t43;
t101 = t20+t44;
t102 = t22+t46;
t103 = t25+t47;
t104 = t28+t48;
t105 = t2.*t10.*t37;
t106 = t2.*t11.*t37;
t107 = ol1.*pT1.*t2.*t38.*2.0;
t108 = t2.*t4.*t38.*2.0;
t109 = t2.*t5.*t38.*2.0;
t110 = ol2.*pT2.*t2.*t38.*2.0;
t114 = t93.^2;
t115 = pT2.*t92;
t116 = pT3.*t92;
t117 = -t79;
t134 = t27+t87;
t138 = t43+t89;
t139 = t45+t88;
t140 = t47+t86;
t155 = t12+t15+t57+t58;
t156 = t12+t13+t58+t59;
t160 = t64+t65+t74;
t161 = t62+t66+t75;
t162 = t60+t70+t76;
t111 = t83.^2;
t112 = t84.^2;
t113 = t85.^2;
t120 = ol1.*t83.*2.0;
t121 = ol2.*t83.*2.0;
t122 = ol1.*t84.*2.0;
t123 = ol3.*t84.*2.0;
t124 = ol2.*t85.*2.0;
t125 = ol3.*t85.*2.0;
t126 = pT1.*t83.*2.0;
t127 = pT2.*t83.*2.0;
t128 = pT1.*t84.*2.0;
t129 = pT3.*t84.*2.0;
t130 = pT2.*t85.*2.0;
t131 = pT3.*t85.*2.0;
t132 = pT1.*t104;
t133 = pT3.*t104;
t141 = t2+t105;
t142 = t2+t106;
t143 = t2.*t37.*t83;
t144 = t2.*t36.*t84;
t145 = t2.*t37.*t84;
t146 = t2.*t36.*t85;
t147 = t2.*t37.*t85;
t148 = t2.*t38.*t83.*2.0;
t163 = t81+t94;
t164 = t81+t97;
t166 = pT1.*t155;
t167 = pT2.*t155;
t168 = t82+t107;
t169 = t82+t110;
t170 = t156.^2;
t171 = 1.0./t156;
t192 = t49+t52+t53+t55+t56+t73+t77+t78;
t135 = -t125;
t136 = -t131;
t149 = pT1.*t143;
t150 = pT2.*t143;
t151 = pT1.*t145;
t152 = pT2.*t147;
t154 = -t147;
t157 = t2.*t38.*t126;
t158 = t2.*t38.*t127;
t172 = 1.0./t170;
t173 = t115+t132;
t174 = t121+t123;
t175 = t122+t124;
t176 = t127+t129;
t177 = t128+t130;
t180 = t95+t143;
t182 = t108+t148;
t184 = t114+t170;
t185 = t111+t112+t113;
t186 = t133+t167;
t196 = 1.0./t192;
t159 = pT2.*t157;
t165 = -t152;
t178 = t120+t135;
t179 = t126+t136;
t188 = cableL.*m.*pT3.*t72.*t175;
t189 = 1.0./t184;
t190 = cableL.*m.*t72.*t185;
t194 = t117+t145+t158;
t195 = t80+t154+t157;
t197 = t196.^2;
t191 = pT3.*t190;
t198 = t188+t190;
t193 = t2+t191;
t199 = pT2.*t2.*t3.*t34.*t35.*t38.*t166.*t193.*t196;
t200 = t2.*t3.*t34.*t35.*t37.*t173.*t193.*t196;
t201 = -t200;
et1 = t83;
et2 = ol1.*t163-t84.*t168+ol2.*(t96-t143)-t85.*(t109-t148)-t83.*(ol2.*t2.*t37.*2.0-t2.*t38.*t85.*2.0+pT1.*t2.*t39.*t83.*6.0)+t3.*t34.*t35.*t37.*t141.*t193.*t196.*(t116-t166)-t3.*t34.*t35.*t36.*t141.*t196.*t198.*(t116-t166)-t3.*t34.*t35.*t36.*t92.*t141.*t193.*t196+pT2.*t2.*t3.*t34.*t35.*t38.*t132.*t193.*t196+pT2.*t2.*t3.*t34.*t35.*t38.*t173.*t193.*t196.*2.0-pT2.*t2.*t3.*t34.*t35.*t37.*t173.*t196.*t198+t2.*t3.*t34.*t35.*t37.*t167.*t173.*t193.*t197+t2.*t3.*t10.*t34.*t35.*t39.*t193.*t196.*(t116-t166).*2.0+t3.*t34.*t35.*t36.*t141.*t155.*t193.*t197.*(t116-t166)-pT1.*pT2.*t2.*t3.*t34.*t35.*t39.*t186.*t193.*t196.*3.0+pT1.*pT2.*t2.*t3.*t34.*t35.*t38.*t186.*t196.*t198-pT2.*t2.*t3.*t34.*t35.*t38.*t166.*t186.*t193.*t197;
et3 = -1.0;
et4 = t153.*(t3.*t34.*t35.*t36.*t98.*t141.*t193.*t196-pT2.*t2.*t3.*t34.*t35.*t37.*t87.*t193.*t196+t3.*t34.*t35.*t36.*t138.*t141.*t193.*t197.*(t116-t166)+pT1.*pT2.*t2.*t3.*t34.*t35.*t38.*t88.*t193.*t196+pT2.*t2.*t3.*t34.*t35.*t37.*t138.*t173.*t193.*t197-pT1.*pT2.*t2.*t3.*t34.*t35.*t38.*t138.*t186.*t193.*t197)+t162.*(t3.*t34.*t35.*t36.*t90.*t141.*t193.*t196+pT2.*t2.*t3.*t34.*t35.*t37.*t86.*t193.*t196+t3.*t34.*t35.*t36.*t139.*t141.*t193.*t197.*(t116-t166)+pT1.*pT2.*t2.*t3.*t34.*t35.*t38.*t101.*t193.*t196+pT2.*t2.*t3.*t34.*t35.*t37.*t139.*t173.*t193.*t197-pT1.*pT2.*t2.*t3.*t34.*t35.*t38.*t139.*t186.*t193.*t197);
et5 = t161.*(t3.*t34.*t35.*t36.*t89.*t141.*t193.*t196+pT2.*t2.*t3.*t34.*t35.*t37.*t99.*t193.*t196-t3.*t34.*t35.*t36.*t140.*t141.*t193.*t197.*(t116-t166)+pT1.*pT2.*t2.*t3.*t34.*t35.*t38.*t91.*t193.*t196-pT2.*t2.*t3.*t34.*t35.*t37.*t140.*t173.*t193.*t197+pT1.*pT2.*t2.*t3.*t34.*t35.*t38.*t140.*t186.*t193.*t197)-t160.*(t3.*t34.*t35.*t36.*t102.*t141.*t193.*t196+pT2.*t2.*t3.*t34.*t35.*t37.*t100.*t193.*t196+t3.*t34.*t35.*t36.*t134.*t141.*t193.*t197.*(t116-t166)+pT1.*pT2.*t2.*t3.*t34.*t35.*t38.*t103.*t193.*t196+pT2.*t2.*t3.*t34.*t35.*t37.*t134.*t173.*t193.*t197-pT1.*pT2.*t2.*t3.*t34.*t35.*t38.*t134.*t186.*t193.*t197);
et6 = -t84.*(-t199+t200+ol1.*t147-ol1.*t195-t83.*t168+ol3.*(t96-t143)+t141.*t178.*t196.*(t116-t166)+pT2.*t2.*t36.*t173.*t178.*t196-pT1.*pT2.*t2.*t37.*t178.*t186.*t196+t2.*t3.*t34.*t35.*t37.*t115.*t193.*t196-pT1.*t2.*t3.*t34.*t35.*t38.*t186.*t193.*t196+t3.*t34.*t35.*t36.*t104.*t141.*t193.*t197.*(t116-t166)+pT2.*t2.*t3.*t34.*t35.*t37.*t104.*t173.*t193.*t197-pT2.*t2.*t3.*t34.*t35.*t38.*t132.*t186.*t193.*t197)+et1.*et2.*et3;
et7 = -t85.*(ol1.*t145-ol3.*t163-ol2.*t195-t83.*(t109-t148)+t2.*t37.*t124+t141.*t174.*t196.*(t116-t166)+pT2.*t2.*t36.*t173.*t174.*t196-pT1.*pT2.*t2.*t37.*t174.*t186.*t196+t3.*t34.*t35.*t36.*t141.*t155.*t193.*t196-pT2.*t2.*t3.*t34.*t35.*t37.*t104.*t193.*t196+pT2.*t2.*t3.*t34.*t35.*t38.*t186.*t193.*t196+t2.*t3.*t34.*t35.*t37.*t115.*t173.*t193.*t197-pT1.*t2.*t3.*t34.*t35.*t38.*t193.*t196.*(t116-t166).*2.0+t3.*t34.*t35.*t36.*t92.*t141.*t193.*t197.*(t116-t166)-pT1.*t2.*t3.*t34.*t35.*t38.*t115.*t186.*t193.*t197);
